x                        chebyshev                chebyshev-jackson        step
-1.00000000000000000e+00 -3.02223773167527021e-02 +9.94636714051105875e-03 0.000000
-9.97997997997998043e-01 +5.07821414613983668e-02 +8.18524269297726814e-03 0.000000
-9.95995995995995975e-01 +2.34745042888906963e-02 +6.31713914271603283e-03 0.000000
-9.93993993993994018e-01 -1.58903957723738644e-02 +4.60109105334310931e-03 0.000000
-9.91991991991991950e-01 -3.49654575248640742e-02 +3.15942324363677196e-03 0.000000
-9.89989989989989994e-01 -3.15237721307377039e-02 +2.02883409299647877e-03 0.000000
-9.87987987987988037e-01 -1.44765302469268553e-02 +1.19592719459044039e-03 0.000000
-9.85985985985985969e-01 +5.83005116895740638e-03 +6.21239924188665693e-04 0.000000
-9.83983983983984012e-01 +2.17727910471096631e-02 +2.54895677327837689e-04 0.000000
-9.81981981981981944e-01 +2.95189173762104851e-02 +4.62705019173004217e-05 0.000000
-9.79979979979979987e-01 +2.85592698506340614e-02 -5.05187480447921722e-05 0.000000
-9.77977977977978030e-01 +2.06471211605695482e-02 -7.39567989420097938e-05 0.000000
-9.75975975975975962e-01 +8.66976117060774820e-03 -5.43131402813146202e-05 0.000000
-9.73973973973974005e-01 -4.28682653322448592e-03 -1.39529677862793022e-05 0.000000
-9.71971971971971938e-01 -1.55844661195115863e-02 +3.17257562210127020e-05 0.000000
-9.69969969969969981e-01 -2.33893853927426010e-02 +7.30713466662868960e-05 0.000000
-9.67967967967968024e-01 -2.67860410937286741e-02 +1.04897361259403965e-04 0.000000
-9.65965965965965956e-01 -2.57139691389199343e-02 +1.25278977088916221e-04 0.000000
-9.63963963963963999e-01 -2.07944060970668976e-02 +1.34502761327925935e-04 0.000000
-9.61961961961961931e-01 -1.31047768936701781e-02 +1.34203289020251582e-04 0.000000
-9.59959959959959974e-01 -3.94625060175407549e-03 +1.26691832000758176e-04 0.000000
-9.57957957957958017e-01 +5.36419188196574082e-03 +1.14464707717865100e-04 0.000000
-9.55955955955955949e-01 +1.36583823116086522e-02 +9.98689229568805459e-05 0.000000
-9.53953953953953993e-01 +2.00300123977078526e-02 +8.48982128920372503e-05 0.000000
-9.51951951951951925e-01 +2.38958686744819571e-02 +7.10917256016019294e-05 0.000000
-9.49949949949949968e-01 +2.50105924487180609e-02 +5.95091259660840421e-05 0.000000
-9.47947947947947900e-01 +2.34436787139546965e-02 +5.07588197104502648e-05 0.000000
-9.45945945945945943e-01 +1.95289884236833355e-02 +4.50596255167634574e-05 0.000000
-9.43943943943943986e-01 +1.37972103961213066e-02 +4.23200576538662609e-05 0.000000
-9.41941941941941918e-01 +6.90087577822912079e-03 +4.22230924321809198e-05 0.000000
-9.39939939939939961e-01 -4.59940671174441373e-04 +4.43076709977230365e-05 0.000000
-9.37937937937937893e-01 -7.60490079237219341e-03 +4.80411221713272774e-05 0.000000
-9.35935935935935936e-01 -1.39292314697418429e-02 +5.28791224994606956e-05 0.000000
-9.33933933933933980e-01 -1.89454859160414490e-02 +5.83117434874158569e-05 0.000000
-9.31931931931931912e-01 -2.23102391559705793e-02 +6.38955966099641337e-05 0.000000
-9.29929929929929955e-01 -2.38360620862818062e-02 +6.92731231785592705e-05 0.000000
-9.27927927927927887e-01 -2.34901542604828983e-02 +7.41807470956423742e-05 0.000000
-9.25925925925925930e-01 -2.13817409079603005e-02 +7.84479766517964805e-05 0.000000
-9.23923923923923862e-01 -1.77407736690218809e-02 +8.19896688532550932e-05 0.000000
-9.21921921921921905e-01 -1.28906510869984947e-02 +8.47936145513261685e-05 0.000000
-9.19919919919919948e-01 -7.21763686866006005e-03 +8.69054172971672756e-05 0.000000
-9.17917917917917880e-01 -1.13944800727838746e-03 +8.84123688278948272e-05 0.000000
-9.15915915915915924e-01 +4.92484221237471376e-03 +8.94277074885430068e-05 0.000000
-9.13913913913913856e-01 +1.05818456202688149e-02 +9.00763134278892430e-05 0.000000
-9.11911911911911899e-01 +1.54865466471929558e-02 +9.04825698391786837e-05 0.000000
-9.09909909909909942e-01 +1.93597847471251860e-02 +9.07608202487253379e-05 0.000000
-9.07907907907907874e-01 +2.20001058412831463e-02 +9.10085896922430138e-05 0.000000
-9.05905905905905917e-01 +2.32899399132839302e-02 +9.13025195488081920e-05 0.000000
-9.03903903903903849e-01 +2.31963887610960873e-02 +9.16967948715319281e-05 0.000000
-9.01901901901901892e-01 +2.17671703182427678e-02 +9.22237191025576664e-05 0.000000
-8.99899899899899935e-01 +1.91224605433868433e-02 +9.28960115333943293e-05 0.000000
-8.97897897897897868e-01 +1.54435014235597134e-02 +9.37103634451874612e-05 0.000000
-8.95895895895895911e-01 +1.09589082014557859e-02 +9.46517840358929163e-05 0.000000
-8.93893893893893843e-01 +5.92961702934208246e-03 +9.56982909187109598e-05 0.000000
-8.91891891891891886e-01 +6.33374049978818743e-04 +9.68255457471367542e-05 0.000000
-8.89889889889889929e-01 -4.65041244128311382e-03 +9.80110971707803813e-05 0.000000
-8.87887887887887861e-01 -9.65474407331445850e-03 +9.92379649518704277e-05 0.000000
-8.85885885885885904e-01 -1.41374452601275014e-02 +1.00497375345898199e-04 0.000000
-8.83883883883883836e-01 -1.78914740308300235e-02 +1.01790534174195368e-04 0.000000
-8.81881881881881879e-01 -2.07528320755981377e-02 +1.03129396491874470e-04 0.000000
-8.79879879879879923e-01 -2.26059158013438011e-02 +1.04536457352977230e-04 0.000000
-8.77877877877877855e-01 -2.33862814662919027e-02 +1.06043644607534127e-04 0.000000
-8.75875875875875898e-01 -2.30809149485151632e-02 +1.07690440414476285e-04 0.000000
-8.73873873873873830e-01 -2.17261971120437103e-02 +1.09521392408218343e-04 0.000000
-8.71871871871871873e-01 -1.94038369539416555e-02 +1.11583197989095773e-04 0.000000
-8.69869869869869916e-01 -1.62351057175105784e-02 +1.13921556364304788e-04 0.000000
-8.67867867867867848e-01 -1.23737458727709582e-02 +1.16577983494126070e-04 0.000000
-8.65865865865865891e-01 -7.99795005001263659e-03 +1.19586776118285609e-04 0.000000
-8.63863863863863823e-01 -3.30180809344360338e-03 +1.22972293912504416e-04 0.000000
-8.61861861861861867e-01 +1.51339266981009857e-03 +1.26746705088831568e-04 0.000000
-8.59859859859859910e-01 +6.24765574962943271e-03 +1.30908312032995688e-04 0.000000
-8.57857857857857842e-01 +1.07102323719897585e-02 +1.35440541504605605e-04 0.000000
-8.55855855855855885e-01 +1.47267736495921286e-02 +1.40311650115965136e-04 0.000000
-8.53853853853853817e-01 +1.81454574676078728e-02 +1.45475161753061411e-04 0.000000
-8.51851851851851860e-01 +2.08419255602646514e-02 +1.50871020666742961e-04 0.000000
-8.49849849849849903e-01 +2.27229232769155520e-02 +1.56427413357140832e-04 0.000000
-8.47847847847847835e-01 +2.37285903789339891e-02 +1.62063185084104777e-04 0.000000
-8.45845845845845878e-01 +2.38334040045358742e-02 +1.67690753676674742e-04 0.000000
-8.43843843843843811e-01 +2.30458231338613873e-02 +1.73219404865587734e-04 0.000000
-8.41841841841841854e-01 +2.14067262556634219e-02 +1.78558840008613551e-04 0.000000
-8.39839839839839897e-01 +1.89867695838297768e-02 +1.83622838997588023e-04 0.000000
-8.37837837837837829e-01 +1.58828215212646895e-02 +1.88332898317766784e-04 0.000000
-8.35835835835835872e-01 +1.22136498471392407e-02 +1.92621706497586587e-04 0.000000
-8.33833833833833804e-01 +8.11505131424433701e-03 +1.96436326204252332e-04 0.000000
-8.31831831831831847e-01 +3.73461923435841614e-03 +1.99740963555794515e-04 0.000000
-8.29829829829829890e-01 -7.73656340829875777e-04 +2.02519220269814504e-04 0.000000
-8.27827827827827822e-01 -5.25476843698680085e-03 +2.04775742402241168e-04 0.000000
-8.25825825825825866e-01 -9.55787823373921430e-03 +2.06537199967604668e-04 0.000000
-8.23823823823823798e-01 -1.35411479339714313e-02 +2.07852553933240980e-04 0.000000
-8.21821821821821841e-01 -1.70760849146834870e-02 +2.08792590214945672e-04 0.000000
-8.19819819819819884e-01 -2.00512843394834994e-02 +2.09448723649641178e-04 0.000000
-8.17817817817817816e-01 -2.23754828966055697e-02 +2.09931097786220100e-04 0.000000
-8.15815815815815748e-01 -2.39798626917939739e-02 +2.10366028078445844e-04 0.000000
-8.13813813813813791e-01 -2.48195707167374602e-02 +2.10892856096767112e-04 0.000000
-8.11811811811811834e-01 -2.48744449498884412e-02 +2.11660300197480389e-04 0.000000
-8.09809809809809877e-01 -2.41489623360625627e-02 +2.12822403259316228e-04 0.000000
-8.07807807807807809e-01 -2.26714460434506160e-02 +2.14534190285331494e-04 0.000000
-8.05805805805805742e-01 -2.04925890285823087e-02 +2.16947157620661635e-04 0.000000
-8.03803803803803785e-01 -1.76833676794627137e-02 +2.20204721094907629e-04 0.000000
-8.01801801801801828e-01 -1.43324328937186607e-02 +2.24437752493922282e-04 0.000000
-7.99799799799799871e-01 -1.05430762294660418e-02 +2.29760332421558022e-04 0.000000
-7.97797797797797803e-01 -6.42987569152314586e-03 +2.36265842933069958e-04 0.000000
-7.95795795795795735e-01 -2.11512932920221441e-03 +2.44023515480196185e-04 0.000000
-7.93793793793793778e-01 +2.27481474590013333e-03 +2.53075538964975255e-04 0.000000
-7.91791791791791821e-01 +6.61322585842533117e-03 +2.63434819349317451e-04 0.000000
-7.89789789789789753e-01 +1.07765549747667055e-02 +2.75083466680647870e-04 0.000000
-7.87787787787787797e-01 +1.46478024522722072e-02 +2.87972067965991396e-04 0.000000
-7.85785785785785729e-01 +1.81196058502434698e-02 +3.02019785481610903e-04 0.000000
-7.83783783783783772e-01 +2.10969756552161769e-02 +3.17115300305703673e-04 0.000000
-7.81781781781781815e-01 +2.34996193636396455e-02 +3.33118600548076849e-04 0.000000
-7.79779779779779747e-01 +2.52638078117836118e-02 +3.49863593400001616e-04 0.000000
-7.77777777777777790e-01 +2.63437515522731980e-02 +3.67161500172796806e-04 0.000000
-7.75775775775775722e-01 +2.67124690717034374e-02 +3.84804974376817821e-04 0.000000
-7.73773773773773765e-01 +2.63621423708716995e-02 +4.02572865005446090e-04 0.000000
-7.71771771771771808e-01 +2.53039685653861923e-02 +4.20235530914081501e-04 0.000000
-7.69769769769769741e-01 +2.35675284228920590e-02 +4.37560597846164967e-04 0.000000
-7.67767767767767784e-01 +2.11997038871051258e-02 +4.54319037536565773e-04 0.000000
-7.65765765765765716e-01 +1.82631864444584568e-02 +4.70291438670833450e-04 0.000000
-7.63763763763763759e-01 +1.48346265072295536e-02 +4.85274332469753933e-04 0.000000
-7.61761761761761802e-01 +1.10024807033524685e-02 +4.99086431434758726e-04 0.000000
-7.59759759759759734e-01 +6.86461900807694425e-03 +5.11574638425216222e-04 0.000000
-7.57757757757757777e-01 +2.52575699945256638e-03 +5.22619684741765234e-04 0.000000
-7.55755755755755709e-01 -1.90521981790575667e-03 +5.32141260256580040e-04 0.000000
-7.53753753753753752e-01 -6.31797264689537563e-03 +5.40102505769024521e-04 0.000000
-7.51751751751751796e-01 -1.06034015346607169e-02 +5.46513747541055306e-04 0.000000
-7.49749749749749728e-01 -1.46562505089250505e-02 +5.51435366221320056e-04 0.000000
-7.47747747747747771e-01 -1.83775674567699387e-02 +5.54979706875347034e-04 0.000000
-7.45745745745745703e-01 -2.16769658682487432e-02 +5.57311953346351086e-04 0.000000
-7.43743743743743746e-01 -2.44746419046212860e-02 +5.58649908412367502e-04 0.000000
-7.41741741741741789e-01 -2.67031073597452928e-02 +5.59262640852709048e-04 0.000000
-7.39739739739739721e-01 -2.83086067704307331e-02 +5.59467981270822534e-04 0.000000
-7.37737737737737764e-01 -2.92521950029904221e-02 +5.59628869999995171e-04 0.000000
-7.35735735735735696e-01 -2.95104599068141127e-02 +5.60148582282926633e-04 0.000000
-7.33733733733733740e-01 -2.90758828959997717e-02 +5.61464877814832342e-04 0.000000
-7.31731731731731783e-01 -2.79568384211009713e-02 +5.64043143318482265e-04 0.000000
-7.29729729729729715e-01 -2.61772410619849905e-02 +5.68368617726522363e-04 0.000000
-7.27727727727727758e-01 -2.37758562620861147e-02 +5.74937809456499416e-04 0.000000
-7.25725725725725690e-01 -2.08052974039865113e-02 +5.84249233853140204e-04 0.000000
-7.23723723723723733e-01 -1.73307378852876615e-02 +5.96793615845470082e-04 0.000000
-7.21721721721721776e-01 -1.34283720014428676e-02 +6.13043717962391543e-04 0.000000
-7.19719719719719708e-01 -9.18366270873322010e-03 +6.33443966819635662e-04 0.000000
-7.17717717717717640e-01 -4.68941767707287127e-03 +6.58400061824271354e-04 0.000000
-7.15715715715715683e-01 -4.37374208687169030e-05 +6.88268757979781931e-04 0.000000
-7.13713713713713727e-01 +4.65211929099401678e-03 +7.23348020158776084e-04 0.000000
-7.11711711711711770e-01 +9.29590708628053042e-03 +7.63867748948487968e-04 0.000000
-7.09709709709709702e-01 +1.37865575078129909e-02 +8.09981278113380831e-04 0.000000
-7.07707707707707634e-01 +1.80262905498150272e-02 +8.61757840817267695e-04 0.000000
-7.05705705705705677e-01 +2.19226325251913323e-02 +9.19176196026993964e-04 0.000000
-7.03703703703703720e-01 +2.53903014833490315e-02 +9.82119598043118547e-04 0.000000
-7.01701701701701763e-01 +2.83529249647408443e-02 +1.05037228093374235e-03 0.000000
-6.99699699699699695e-01 +3.07445590118862189e-02 +1.12361761592688625e-03 0.000000
-6.97697697697697627e-01 +3.25109819577853454e-02 +1.20143808369682636e-03 0.000000
-6.95695695695695671e-01 +3.36107414776125601e-02 +1.28331718513130522e-03 0.000000
-6.93693693693693714e-01 +3.40159386124241903e-02 +1.36864339381664868e-03 0.000000
-6.91691691691691757e-01 +3.37127378481720252e-02 +1.45671623135562589e-03 0.000000
-6.89689689689689689e-01 +3.27015977552066461e-02 +1.54675452299024574e-03 0.000000
-6.87687687687687621e-01 +3.09972220618098815e-02 +1.63790686612241831e-03 0.000000
-6.85685685685685664e-01 +2.86282362544022506e-02 +1.72926431848835493e-03 0.000000
-6.83683683683683707e-01 +2.56365997778529864e-02 +1.81987528625116024e-03 0.000000
-6.81681681681681750e-01 +2.20767685705183792e-02 +1.90876256543665024e-03 0.000000
-6.79679679679679682e-01 +1.80146269379510837e-02 +1.99494246324727342e-03 0.000000
-6.77677677677677615e-01 +1.35262115840839581e-02 +2.07744589917674416e-03 0.000000
-6.75675675675675658e-01 +8.69625392694595156e-03 +2.15534135978673325e-03 0.000000
-6.73673673673673701e-01 +3.61656958626038749e-03 +2.22775955582821261e-03 0.000000
-6.71671671671671744e-01 -1.61567388770061937e-03 +2.29391960634034442e-03 0.000000
-6.69669669669669676e-01 -6.89977839014527250e-03 +2.35315655175000193e-03 0.000000
-6.67667667667667608e-01 -1.21333921101990372e-02 +2.40494997704082669e-03 0.000000
-6.65665665665665651e-01 -1.72144078443705051e-02 +2.44895350703050463e-03 0.000000
-6.63663663663663694e-01 -2.20428489841848485e-02 +2.48502491888191734e-03 0.000000
-6.61661661661661737e-01 -2.65227101734080706e-02 +2.51325660237688986e-03 0.000000
-6.59659659659659670e-01 -3.05637209559768142e-02 +2.53400608636117353e-03 0.000000
-6.57657657657657602e-01 -3.40830025627079092e-02 +2.54792634027550813e-03 0.000000
-6.55655655655655645e-01 -3.70065902680745684e-02 +2.55599555290819680e-03 0.000000
-6.53653653653653688e-01 -3.92707964369773954e-02 +2.55954608655450944e-03 0.000000
-6.51651651651651731e-01 -4.08233924198797560e-02 +2.56029230366677796e-03 0.000000
-6.49649649649649663e-01 -4.16245907836055862e-02 +2.56035696487838527e-03 0.000000
-6.47647647647647595e-01 -4.16478129225908433e-02 +2.56229590195766743e-03 0.000000
-6.45645645645645638e-01 -4.08802308180268859e-02 +2.56912067678477518e-03 0.000000
-6.43643643643643681e-01 -3.93230755362184992e-02 +2.58431894775607018e-03 0.000000
-6.41641641641641725e-01 -3.69917089193043669e-02 +2.61187227804632327e-03 0.000000
-6.39639639639639657e-01 -3.39154587594346357e-02 +2.65627113576788476e-03 0.000000
-6.37637637637637589e-01 -3.01372215021929457e-02 +2.72252685412349704e-03 0.000000
-6.35635635635635632e-01 -2.57128401403552975e-02 +2.81618034000225004e-03 0.000000
-6.33633633633633675e-01 -2.07102683828411238e-02 +2.94330734192727039e-03 0.000000
-6.31631631631631607e-01 -1.52085353683773516e-02 +3.11052011263390771e-03 0.000000
-6.29629629629629650e-01 -9.29652809661651869e-03 +3.32496532762432961e-03 0.000000
-6.27627627627627582e-01 -3.07161133442124257e-03 +3.59431814857330556e-03 0.000000
-6.25625625625625625e-01 +3.36189300900380239e-03 +3.92677234921268159e-03 0.000000
-6.23623623623623669e-01 +9.89434318219251097e-03 +4.33102645105204465e-03 0.000000
-6.21621621621621601e-01 +1.64125062404292255e-02 +4.81626584672817382e-03 0.000000
-6.19619619619619644e-01 +2.28013516509931735e-02 +5.39214091967116227e-03 0.000000
-6.17617617617617576e-01 +2.89458828050366268e-02 +6.06874119985395533e-03 0.000000
-6.15615615615615619e-01 +3.47329791385477815e-02 +6.85656562639624934e-03 0.000000
-6.13613613613613662e-01 +4.00532217194629059e-02 +7.76648901845744533e-03 0.000000
-6.11611611611611594e-01 +4.48026757029457712e-02 +8.80972488592612901e-03 0.000000
-6.09609609609609637e-01 +4.88846039749103456e-02 +9.99778474064405565e-03 0.000000
-6.07607607607607569e-01 +5.22110875727594403e-02 +1.13424340970509352e-02 0.000000
-6.05605605605605612e-01 +5.47045300655565891e-02 +1.28556453779692381e-02 0.000000
-6.03603603603603656e-01 +5.62990249631548645e-02 +1.45495479665692651e-02 0.000000
-6.01601601601601588e-01 +5.69415673715018555e-02 +1.64363756691348062e-02 0.000000
-5.99599599599599631e-01 +5.65930934832891142e-02 +1.85284118749335924e-02 0.000000
-5.97597597597597563e-01 +5.52293340509057984e-02 +2.08379327190993946e-02 0.000000
-5.95595595595595606e-01 +5.28414706925525723e-02 +2.33771485718115013e-02 0.000000
-5.93593593593593649e-01 +4.94365866917075847e-02 +2.61581441920957225e-02 0.000000
-5.91591591591591581e-01 +4.50379068239553648e-02 +2.91928178971312402e-02 0.000000
-5.89589589589589513e-01 +3.96848236428858359e-02 +3.24928201079885959e-02 0.000000
-5.87587587587587556e-01 +3.34327105384772394e-02 +3.60694916401391730e-02 0.000000
-5.85585585585585600e-01 +2.63525247086778269e-02 +3.99338021118403885e-02 0.000000
-5.83583583583583643e-01 +1.85302059211279735e-02 +4.40962888455975754e-02 0.000000
-5.81581581581581575e-01 +1.00658795527064915e-02 +4.85669966373182271e-02 0.000000
-5.79579579579579507e-01 +1.07287484814400091e-03 +5.33554187645371991e-02 0.000000
-5.77577577577577550e-01 -8.32342839351968289e-03 +5.84704395992471371e-02 0.000000
-5.75575575575575593e-01 -1.79869094398102947e-02 +6.39202791824496908e-02 0.000000
-5.73573573573573636e-01 -2.77721554656800707e-02 +6.97124401066864241e-02 0.000000
-5.71571571571571568e-01 -3.75260309563910099e-02 +7.58536570395411669e-02 0.000000
-5.69569569569569500e-01 -4.70893477102615199e-02 +8.23498492056006226e-02 0.000000
-5.67567567567567544e-01 -5.62986144520842835e-02 +8.92060761267221558e-02 0.000000
-5.65565565565565587e-01 -6.49878443249555238e-02 +9.64264969008209460e-02 0.000000
-5.63563563563563630e-01 -7.29903980721654522e-02 +1.04014333277942406e-01 0.000000
-5.61561561561561562e-01 -8.01408405509024258e-02 +1.11971836769270250e-01 0.000000
-5.59559559559559494e-01 -8.62767883314334849e-02 +1.20300260000131498e-01 0.000000
-5.57557557557557537e-01 -9.12407265212954455e-02 +1.28999832492176281e-01 0.000000
-5.55555555555555580e-01 -9.48817736027436354e-02 +1.38069741032934457e-01 0.000000
-5.53553553553553623e-01 -9.70573739691933390e-02 +1.47508114763071463e-01 0.000000
-5.51551551551551555e-01 -9.76348989757820362e-02 +1.57312015083108658e-01 0.000000
-5.49549549549549488e-01 -9.64931386612184472e-02 +1.67477430452304232e-01 0.000000
-5.47547547547547531e-01 -9.35236678313758896e-02 +1.77999276123073980e-01 0.000000
-5.45545545545545574e-01 -8.86320718964526133e-02 +1.88871398824899006e-01 0.000000
-5.43543543543543617e-01 -8.17390196983307504e-02 +2.00086586382391185e-01 0.000000
-5.41541541541541549e-01 -7.27811725273125321e-02 +2.11636582223221681e-01 0.000000
-5.39539539539539481e-01 -6.17119205812309835e-02 +2.23512104703162184e-01 0.000000
-5.37537537537537524e-01 -4.85019402381631215e-02 +2.35702871147755566e-01 0.000000
-5.35535535535535567e-01 -3.31395676697173736e-02 +2.48197626483245282e-01 0.000000
-5.33533533533533610e-01 -1.56309864884933702e-02 +2.60984176303589499e-01 0.000000
-5.31531531531531543e-01 +3.99977072525925514e-03 +2.74049424195752955e-01 0.000000
-5.29529529529529475e-01 +2.57110050616081720e-02 +2.87379413122223593e-01 0.000000
-5.27527527527527518e-01 +4.94437140805691344e-02 +3.00959370637916890e-01 0.000000
-5.25525525525525561e-01 +7.51221288105037299e-02 +3.14773757698462497e-01 0.000000
-5.23523523523523604e-01 +1.02654417130262909e-01 +3.28806320798423535e-01 0.000000
-5.21521521521521536e-01 +1.31933543994875002e-01 +3.43040147161373432e-01 0.000000
-5.19519519519519468e-01 +1.62838277383282937e-01 +3.57457722689003332e-01 0.000000
-5.17517517517517511e-01 +1.95234327424284260e-01 +3.72040992363672496e-01 0.000000
-5.15515515515515554e-01 +2.28975604905935493e-01 +3.86771422788040109e-01 0.000000
-5.13513513513513598e-01 +2.63905584304585550e-01 +4.01630066536707409e-01 0.000000
-5.11511511511511530e-01 +2.99858755590343473e-01 +4.16597627988160690e-01 0.000000
-5.09509509509509462e-01 +3.36662148381516646e-01 +4.31654530300748296e-01 0.000000
-5.07507507507507505e-01 +3.74136911534570182e-01 +4.46780983193940773e-01 0.000000
-5.05505505505505548e-01 +4.12099930969029193e-01 +4.61957051195697410e-01 0.000000
-5.03503503503503480e-01 +4.50365468436914163e-01 +4.77162722018343866e-01 0.000000
-5.01501501501501523e-01 +4.88746804049943195e-01 +4.92377974728951728e-01 0.000000
-4.99499499499499455e-01 +5.27057865668864256e-01 +5.07582847385701252e-01 1.000000
-4.97497497497497498e-01 +5.65114828729874730e-01 +5.22757503819004543e-01 1.000000
-4.95495495495495542e-01 +6.02737670723695995e-01 +5.37882299245333928e-01 1.000000
-4.93493493493493474e-01 +6.39751665341625086e-01 +5.52937844412410673e-01 1.000000
-4.91491491491491517e-01 +6.75988802247329712e-01 +5.67905067986810952e-01 1.000000
-4.89489489489489449e-01 +7.11289119508848877e-01 +5.82765276908863816e-01 1.000000
-4.87487487487487492e-01 +7.45501936916923347e-01 +5.97500214454866674e-01 1.000000
-4.85485485485485535e-01 +7.78486979707504023e-01 +6.12092115763106515e-01 1.000000
-4.83483483483483467e-01 +8.10115383580906179e-01 +6.26523760597637924e-01 1.000000
-4.81481481481481510e-01 +8.40270573350597294e-01 +6.40778523142310097e-01 1.000000
-4.79479479479479442e-01 +8.68849009043362708e-01 +6.54840418636851496e-01 1.000000
-4.77477477477477485e-01 +8.95760794791911619e-01 +6.68694146686841684e-01 1.000000
-4.75475475475475529e-01 +9.20930147393707044e-01 +6.82325131100055771e-01 1.000000
-4.73473473473473461e-01 +9.44295722938457316e-01 +6.95719556122643024e-01 1.000000
-4.71471471471471504e-01 +9.65810801415090348e-01 +7.08864398969970333e-01 1.000000
-4.69469469469469436e-01 +9.85443330680989327e-01 +7.21747458568424594e-01 1.000000
-4.67467467467467479e-01 +1.00317583259689469e+00 +7.34357380445951891e-01 1.000000
-4.65465465465465522e-01 +1.01900517548614600e+00 +7.46683677730531570e-01 1.000000
-4.63463463463463454e-01 +1.03294221835379263e+00 +7.58716748236895944e-01 1.000000
-4.61461461461461497e-01 +1.04501133348800912e+00 +7.70447887642617957e-01 1.000000
-4.59459459459459429e-01 +1.05524981515266258e+00 +7.81869298775001442e-01 1.000000
-4.57457457457457473e-01 +1.06370718305689027e+00 +7.92974097049906623e-01 1.000000
-4.55455455455455516e-01 +1.07044439014759707e+00 +8.03756312122707373e-01 1.000000
-4.53453453453453448e-01 +1.07553294500775110e+00 +8.14210885829784514e-01 1.000000
-4.51451451451451491e-01 +1.07905395975279195e+00 +8.24333666516341212e-01 1.000000
-4.49449449449449423e-01 +1.08109713479622815e+00 +8.34121399862717494e-01 1.000000
-4.47447447447447466e-01 +1.08175969220212953e+00 +8.43571716336731336e-01 1.000000
-4.45445445445445398e-01 +1.08114526955661594e+00 +8.52683115413863324e-01 1.000000
-4.43443443443443441e-01 +1.07936278637398941e+00 +8.61454946720169756e-01 1.000000
-4.41441441441441484e-01 +1.07652529500858796e+00 +8.69887388264749095e-01 1.000000
-4.39439439439439417e-01 +1.07274882787479897e+00 +8.77981421939207141e-01 1.000000
-4.37437437437437460e-01 +1.06815125249022524e+00 +8.85738806470968365e-01 1.000000
-4.35435435435435392e-01 +1.06285114545712056e+00 +8.93162048025377020e-01 1.000000
-4.33433433433433435e-01 +1.05696669599232673e+00 +9.00254368658278237e-01 1.000000
-4.31431431431431478e-01 +1.05061464901434576e+00 +9.07019672826285372e-01 1.000000
-4.29429429429429410e-01 +1.04390929710703029e+00 +9.13462512166059781e-01 1.000000
-4.27427427427427453e-01 +1.03696152991238000e+00 +9.19588048756821985e-01 1.000000
-4.25425425425425385e-01 +1.02987794867050986e+00 +9.25402017081905837e-01 1.000000
-4.23423423423423428e-01 +1.02276005273369908e+00 +9.30910684905495334e-01 1.000000
-4.21421421421421472e-01 +1.01570350394459918e+00 +9.36120813279841757e-01 1.000000
-4.19419419419419404e-01 +1.00879747379739659e+00 +9.41039615896197668e-01 1.000000
-4.17417417417417447e-01 +1.00212407730621278e+00 +9.45674717989554381e-01 1.000000
-4.15415415415415379e-01 +9.95757896498456141e-01 +9.50034115003028257e-01 1.000000
-4.13413413413413422e-01 +9.89765595443204971e-01 +9.54126131212486461e-01 1.000000
-4.11411411411411465e-01 +9.84205627726601806e-01 +9.57959378505804038e-01 1.000000
-4.09409409409409397e-01 +9.79128036307975069e-01 +9.61542715504042134e-01 1.000000
-4.07407407407407440e-01 +9.74574344741666820e-01 +9.64885207203937889e-01 1.000000
-4.05405405405405372e-01 +9.70577537839469984e-01 +9.67996085312434529e-01 1.000000
-4.03403403403403416e-01 +9.67162128985654235e-01 +9.70884709434654880e-01 1.000000
-4.01401401401401459e-01 +9.64344310508409075e-01 +9.73560529266805030e-01 1.000000
-3.99399399399399391e-01 +9.62132182765160215e-01 +9.76033047935055409e-01 1.000000
-3.97397397397397434e-01 +9.60526056920561366e-01 +9.78311786610573386e-01 1.000000
-3.95395395395395366e-01 +9.59518825790232288e-01 +9.80406250519651468e-01 1.000000
-3.93393393393393409e-01 +9.59096396594709688e-01 +9.82325896456354597e-01 1.000000
-3.91391391391391341e-01 +9.59238179019875292e-01 +9.84080101893402448e-01 1.000000
-3.89389389389389384e-01 +9.59917621614675864e-01 +9.85678135775143960e-01 1.000000
-3.87387387387387427e-01 +9.61102789275621205e-01 +9.87129131064600318e-01 1.000000
-3.85385385385385359e-01 +9.62756974370836849e-01 +9.88442059104656434e-01 1.000000
-3.83383383383383403e-01 +9.64839333943864341e-01 +9.89625705841707171e-01 1.000000
-3.81381381381381335e-01 +9.67305545407674439e-01 +9.90688649948419320e-01 1.000000
-3.79379379379379378e-01 +9.70108473190295362e-01 +9.91639242870864135e-01 1.000000
-3.77377377377377421e-01 +9.73198838922124887e-01 +9.92485590814133012e-01 1.000000
-3.75375375375375353e-01 +9.76525887957731875e-01 +9.93235538669758666e-01 1.000000
-3.73373373373373396e-01 +9.80038045297380922e-01 +9.93896655877837931e-01 1.000000
-3.71371371371371328e-01 +9.83683554310704755e-01 +9.94476224206798598e-01 1.000000
-3.69369369369369371e-01 +9.87411092061383444e-01 +9.94981227424228787e-01 1.000000
-3.67367367367367414e-01 +9.91170355481443943e-01 +9.95418342823232605e-01 1.000000
-3.65365365365365347e-01 +9.94912613140468638e-01 +9.95793934560333938e-01 1.000000
-3.63363363363363390e-01 +9.98591217892029093e-01 +9.96114048753117931e-01 1.000000
-3.61361361361361322e-01 +1.00216207625006271e+00 +9.96384410278552402e-01 1.000000
-3.59359359359359365e-01 +1.00558407094473279e+00 +9.96610421206332697e-01 1.000000
-3.57357357357357408e-01 +1.00881943372340888e+00 +9.96797160795624415e-01 1.000000
-3.55355355355355340e-01 +1.01183406609069149e+00 +9.96949386978266960e-01 1.000000
-3.53353353353353383e-01 +1.01459780631485330e+00 +9.97071539246855210e-01 1.000000
-3.51351351351351315e-01 +1.01708464165983092e+00 +9.97167742862129614e-01 1.000000
-3.49349349349349358e-01 +1.01927286542528317e+00 +9.97241814290776074e-01 1.000000
-3.47347347347347402e-01 +1.02114517898593826e+00 +9.97297267782078833e-01 1.000000
-3.45345345345345334e-01 +1.02268873960936224e+00 +9.97337322989837016e-01 1.000000
-3.43343343343343377e-01 +1.02389515539286302e+00 +9.97364913544564136e-01 1.000000
-3.41341341341341309e-01 +1.02476042919022192e+00 +9.97382696480221043e-01 1.000000
-3.39339339339339352e-01 +1.02528485389267709e+00 +9.97393062419539955e-01 1.000000
-3.37337337337337395e-01 +1.02547286188184672e+00 +9.97398146422396215e-01 1.000000
-3.35335335335335327e-01 +1.02533283188145252e+00 +9.97399839402609123e-01 1.000000
-3.33333333333333370e-01 +1.02487685679672036e+00 +9.97399800020010829e-01 1.000000
-3.31331331331331302e-01 +1.02412047644272564e+00 +9.97399466956557346e-01 1.000000
-3.29329329329329346e-01 +1.02308237932380552e+00 +9.97400071487648865e-01 1.000000
-3.27327327327327389e-01 +1.02178407783423952e+00 +9.97402650262632084e-01 1.000000
-3.25325325325325321e-01 +1.02024956140498579e+00 +9.97408058211665893e-01 1.000000
-3.23323323323323364e-01 +1.01850493222226923e+00 +9.97416981499659627e-01 1.000000
-3.21321321321321296e-01 +1.01657802819171583e+00 +9.97429950451867220e-01 1.000000
-3.19319319319319339e-01 +1.01449803781754055e+00 +9.97447352379833840e-01 1.000000
-3.17317317317317271e-01 +1.01229511161157659e+00 +9.97469444240771219e-01 1.000000
-3.15315315315315314e-01 +1.00999997454369494e+00 +9.97496365067993329e-01 1.000000
-3.13313313313313357e-01 +1.00764354389594124e+00 +9.97528148114772528e-01 1.000000
-3.11311311311311290e-01 +1.00525655669039038e+00 +9.97564732658824838e-01 1.000000
-3.09309309309309333e-01 +1.00286921062860501e+00 +9.97605975419573077e-01 1.000000
-3.07307307307307265e-01 +1.00051082221229404e+00 +9.97651661545320145e-01 1.000000
-3.05305305305305308e-01 +9.98209505414213050e-01 +9.97701515132477956e-01 1.000000
-3.03303303303303351e-01 +9.95991873939673034e-01 +9.97755209243989194e-01 1.000000
-3.01301301301301283e-01 +9.93882769766562535e-01 +9.97812375399032336e-01 1.000000
-2.99299299299299326e-01 +9.91905020279987393e-01 +9.97872612510960044e-01 1.000000
-2.97297297297297258e-01 +9.90079225931060569e-01 +9.97935495255215743e-01 1.000000
-2.95295295295295301e-01 +9.88423579952609765e-01 +9.98000581853586088e-01 1.000000
-2.93293293293293345e-01 +9.86953721262148198e-01 +9.98067421265661725e-01 1.000000
-2.91291291291291277e-01 +9.85682621278943238e-01 +9.98135559782675652e-01 1.000000
-2.89289289289289320e-01 +9.84620504981731370e-01 +9.98204547023014532e-01 1.000000
-2.87287287287287252e-01 +9.83774806140880087e-01 +9.98273941332607606e-01 1.000000
-2.85285285285285295e-01 +9.83150156277591281e-01 +9.98343314597072817e-01 1.000000
-2.83283283283283338e-01 +9.82748406536916530e-01 +9.98412256475938231e-01 1.000000
-2.81281281281281270e-01 +9.82568681314455183e-01 +9.98480378072451713e-01 1.000000
-2.79279279279279313e-01 +9.82607462151898758e-01 +9.98547315055404838e-01 1.000000
-2.77277277277277245e-01 +9.82858700116993611e-01 +9.98612730252063430e-01 1.000000
-2.75275275275275289e-01 +9.83313954611622631e-01 +9.98676315733686648e-01 1.000000
-2.73273273273273332e-01 +9.83962556309762371e-01 +9.98737794417212443e-01 1.000000
-2.71271271271271264e-01 +9.84791791716932985e-01 +9.98796921208542021e-01 1.000000
-2.69269269269269307e-01 +9.85787106665851010e-01 +9.98853483714404189e-01 1.000000
-2.67267267267267239e-01 +9.86932325920408027e-01 +9.98907302551076848e-01 1.000000
-2.65265265265265282e-01 +9.88209885952516354e-01 +9.98958231279265640e-01 1.000000
-2.63263263263263214e-01 +9.89601077884017299e-01 +9.99006155995208589e-01 1.000000
-2.61261261261261257e-01 +9.91086297548700479e-01 +9.99050994608583376e-01 1.000000
-2.59259259259259300e-01 +9.92645299626995659e-01 +9.99092695838070144e-01 1.000000
-2.57257257257257232e-01 +9.94257452837261746e-01 +9.99131237955455109e-01 1.000000
-2.55255255255255276e-01 +9.95901993231628313e-01 +9.99166627308991084e-01 1.000000
-2.53253253253253208e-01 +9.97558272739519802e-01 +9.99198896656322000e-01 1.000000
-2.51251251251251251e-01 +9.99206000226518065e-01 +9.99228103336719187e-01 1.000000
-2.49249249249249294e-01 +1.00082547248804343e+00 +9.99254327311590584e-01 1.000000
-2.47247247247247226e-01 +1.00239779277407215e+00 +9.99277669101315102e-01 1.000000
-2.45245245245245269e-01 +1.00390507464032264e+00 +9.99298247645359017e-01 1.000000
-2.43243243243243201e-01 +1.00533062914022397e+00 +9.99316198111433018e-01 1.000000
-2.41241241241241244e-01 +1.00665913360773263e+00 +9.99331669678099610e-01 1.000000
-2.39239239239239287e-01 +1.00787678053069762e+00 +9.99344823313826791e-01 1.000000
-2.37237237237237220e-01 +1.00897140527489237e+00 +9.99355829573939980e-01 1.000000
-2.35235235235235263e-01 +1.00993259168700278e+00 +9.99364866435347721e-01 1.000000
-2.33233233233233195e-01 +1.01075175487759483e+00 +9.99372117187257603e-01 1.000000
-2.31231231231231238e-01 +1.01142220075936340e+00 +9.99377768394414501e-01 1.000000
-2.29229229229229281e-01 +1.01193916218866065e+00 +9.99382007947672846e-01 1.000000
-2.27227227227227213e-01 +1.01229981182656181e+00 +9.99385023214987234e-01 1.000000
-2.25225225225225256e-01 +1.01250325209661463e+00 +9.99386999304181733e-01 1.000000
-2.23223223223223188e-01 +1.01255048286730576e+00 +9.99388117447138624e-01 1.000000
-2.21221221221221231e-01 +1.01244434772558556e+00 +9.99388553513367972e-01 1.000000
-2.19219219219219275e-01 +1.01218945993122023e+00 +9.99388476659262892e-01 1.000000
-2.17217217217217207e-01 +1.01179210934812946e+00 +9.99388048117751615e-01 1.000000
-2.15215215215215250e-01 +1.01126015183631734e+00 +9.99387420131507720e-01 1.000000
-2.13213213213213182e-01 +1.01060288275490695e+00 +9.99386735031404183e-01 1.000000
-2.11211211211211225e-01 +1.00983089637167245e+00 +9.99386124460495018e-01 1.000000
-2.09209209209209268e-01 +1.00895593309626763e+00 +9.99385708742485779e-01 1.000000
-2.07207207207207200e-01 +1.00799071655218131e+00 +9.99385596392412756e-01 1.000000
-2.05205205205205243e-01 +1.00694878257573128e+00 +9.99385883766114924e-01 1.000000
-2.03203203203203175e-01 +1.00584430227885568e+00 +9.99386654844025779e-01 1.000000
-2.01201201201201219e-01 +1.00469190133603536e+00 +9.99387981143864734e-01 1.000000
-1.99199199199199262e-01 +1.00350647765460921e+00 +9.99389921755958865e-01 1.000000
-1.97197197197197194e-01 +1.00230301956257661e+00 +9.99392523494176954e-01 1.000000
-1.95195195195195237e-01 +1.00109642659942000e+00 +9.99395821154807962e-01 1.000000
-1.93193193193193169e-01 +9.99901334924562568e-01 +9.99399837875182384e-01 1.000000
-1.91191191191191212e-01 +9.98731949265990959e-01 +9.99404585583377969e-01 1.000000
-1.89189189189189144e-01 +9.97601883219766616e-01 +9.99410065530019986e-01 1.000000
-1.87187187187187187e-01 +9.96524009581209569e-01 +9.99416268892927895e-01 1.000000
-1.85185185185185230e-01 +9.95510322242262102e-01 +9.99423177445213584e-01 1.000000
-1.83183183183183163e-01 +9.94571811028829855e-01 +9.99430764277365768e-01 1.000000
-1.81181181181181206e-01 +9.93718350678815421e-01 +9.99438994563872751e-01 1.000000
-1.79179179179179138e-01 +9.92958604978212978e-01 +9.99447826365043146e-01 1.000000
-1.77177177177177181e-01 +9.92299946881265327e-01 +9.99457211454850780e-01 1.000000
-1.75175175175175224e-01 +9.91748395243533087e-01 +9.99467096165881808e-01 1.000000
-1.73173173173173156e-01 +9.91308568596067419e-01 +9.99477422242762370e-01 1.000000
-1.71171171171171199e-01 +9.90983656187016004e-01 +9.99488127695822404e-01 1.000000
-1.69169169169169131e-01 +9.90775406316133589e-01 +9.99499147647163633e-01 1.000000
-1.67167167167167174e-01 +9.90684131790066980e-01 +9.99510415161761756e-01 1.000000
-1.65165165165165218e-01 +9.90708732134020220e-01 +9.99521862056746424e-01 1.000000
-1.63163163163163150e-01 +9.90846732010538078e-01 +9.99533419682532620e-01 1.000000
-1.61161161161161193e-01 +9.91094335120597192e-01 +9.99545019670041279e-01 1.000000
-1.59159159159159125e-01 +9.91446492697716453e-01 +9.99556594638839946e-01 1.000000
-1.57157157157157168e-01 +9.91896985554088895e-01 +9.99568078861624687e-01 1.000000
-1.55155155155155211e-01 +9.92438518500177613e-01 +9.99579408881080100e-01 1.000000
-1.53153153153153143e-01 +9.93062825837203289e-01 +9.99590524075770537e-01 1.000000
-1.51151151151151186e-01 +9.93760786516493910e-01 +9.99601367172312738e-01 1.000000
-1.49149149149149118e-01 +9.94522547471726637e-01 +9.99611884701709363e-01 1.000000
-1.47147147147147161e-01 +9.95337653560350866e-01 +9.99622027398283430e-01 1.000000
-1.45145145145145205e-01 +9.96195182499421961e-01 +9.99631750540266650e-01 1.000000
-1.43143143143143137e-01 +9.97083883149008865e-01 +9.99641014231618885e-01 1.000000
-1.41141141141141180e-01 +9.97992315483281378e-01 +9.99649783625214838e-01 1.000000
-1.39139139139139112e-01 +9.98908990595259838e-01 +9.99658029088025479e-01 1.000000
-1.37137137137137155e-01 +9.99822509105618984e-01 +9.99665726309405978e-01 1.000000
-1.35135135135135087e-01 +1.00072169638837827e+00 +9.99672856354043016e-01 1.000000
-1.33133133133133130e-01 +1.00159573308603189e+00 +9.99679405661527687e-01 1.000000
-1.31131131131131173e-01 +1.00243427946277941e+00 +9.99685365994891662e-01 1.000000
-1.29129129129129105e-01 +1.00322759223591662e+00 +9.99690734340779930e-01 1.000000
-1.27127127127127149e-01 +1.00396663263094732e+00 +9.99695512764236738e-01 1.000000
-1.25125125125125081e-01 +1.00464316452416536e+00 +9.99699708221335359e-01 1.000000
-1.23123123123123124e-01 +1.00524984166590658e+00 +9.99703332333102157e-01 1.000000
-1.21121121121121167e-01 +1.00578028311674283e+00 +9.99706401124370925e-01 1.000000
-1.19119119119119099e-01 +1.00622913617594589e+00 +9.99708934731338261e-01 1.000000
-1.17117117117117142e-01 +1.00659212623484184e+00 +9.99710957081702101e-01 1.000000
-1.15115115115115074e-01 +1.00686609314542563e+00 +9.99712495551324243e-01 1.000000
-1.13113113113113117e-01 +1.00704901385497814e+00 +9.99713580601395257e-01 1.000000
-1.11111111111111160e-01 +1.00714001121865437e+00 +9.99714245400073698e-01 1.000000
-1.09109109109109093e-01 +1.00713934906223757e+00 +9.99714525432535139e-01 1.000000
-1.07107107107107136e-01 +1.00704841372474263e+00 +9.99714458103299508e-01 1.000000
-1.05105105105105068e-01 +1.00686968246355990e+00 +9.99714082334613563e-01 1.000000
-1.03103103103103111e-01 +1.00660667925172720e+00 +9.99713438164535506e-01 1.000000
-1.01101101101101154e-01 +1.00626391863611442e+00 +9.99712566348229470e-01 1.000000
-9.90990990990990861e-02 +1.00584683845535339e+00 +9.99711507965805990e-01 1.000000
-9.70970970970971292e-02 +1.00536172233588572e+00 +9.99710304039858166e-01 1.000000
-9.50950950950950613e-02 +1.00481561299232092e+00 +9.99708995165630276e-01 1.000000
-9.30930930930931044e-02 +1.00421621745331802e+00 +9.99707621156554538e-01 1.000000
-9.10910910910911475e-02 +1.00357180541549762e+00 +9.99706220707632709e-01 1.000000
-8.90890890890890796e-02 +1.00289110199467402e+00 +9.99704831078928269e-01 1.000000
-8.70870870870871228e-02 +1.00218317619542585e+00 +9.99703487801153923e-01 1.000000
-8.50850850850850549e-02 +1.00145732645617680e+00 +9.99702224405115247e-01 1.000000
-8.30830830830830980e-02 +1.00072296464737343e+00 +9.99701072176488625e-01 1.000000
-8.10810810810811411e-02 +9.99989499904895274e-01 +9.99700059937174812e-01 1.000000
-7.90790790790790732e-02 +9.99266223669601050e-01 +9.99699213854193025e-01 1.000000
-7.70770770770771163e-02 +9.98562197277221508e-01 +9.99698557276846533e-01 1.000000
-7.50750750750750484e-02 +9.97886143401027104e-01 +9.99698110602626699e-01 1.000000
-7.30730730730730915e-02 +9.97246342593479107e-01 +9.99697891172087960e-01 1.000000
-7.10710710710711346e-02 +9.96650536103121043e-01 +9.99697913192693521e-01 1.000000
-6.90690690690690667e-02 +9.96105836060226513e-01 +9.99698187691400175e-01 1.000000
-6.70670670670671099e-02 +9.95618644030159983e-01 +9.99698722495548142e-01 1.000000
-6.50650650650650419e-02 +9.95194578828240140e-01 +9.99699522241403016e-01 1.000000
-6.30630630630630851e-02 +9.94838414375333935e-01 +9.99700588409528690e-01 1.000000
-6.10610610610610172e-02 +9.94554028250825284e-01 +9.99701919385972415e-01 1.000000
-5.90590590590590603e-02 +9.94344361470428817e-01 +9.99703510548097141e-01 1.000000
-5.70570570570571034e-02 +9.94211389882034169e-01 +9.99705354373740529e-01 1.000000
-5.50550550550550355e-02 +9.94156107434927327e-01 +9.99707440572246586e-01 1.000000
-5.30530530530530786e-02 +9.94178521437898755e-01 +9.99709756235803160e-01 1.000000
-5.10510510510510107e-02 +9.94277659781493517e-01 +9.99712286009407536e-01 1.000000
-4.90490490490490538e-02 +9.94451589960573701e-01 +9.99715012277703430e-01 1.000000
-4.70470470470470969e-02 +9.94697449596979477e-01 +9.99717915366852616e-01 1.000000
-4.50450450450450290e-02 +9.95011488029932112e-01 +9.99720973759546161e-01 1.000000
-4.30430430430430722e-02 +9.95389118415352381e-01 +9.99724164321221465e-01 1.000000
-4.10410410410410043e-02 +9.95824979655884346e-01 +9.99727462535518363e-01 1.000000
-3.90390390390390474e-02 +9.96313007372397141e-01 +9.99730842746986315e-01 1.000000
-3.70370370370370905e-02 +9.96846513026313441e-01 +9.99734278409063704e-01 1.000000
-3.50350350350350226e-02 +9.97418270211359315e-01 +9.99737742335341850e-01 1.000000
-3.30330330330330657e-02 +9.98020607054217135e-01 +9.99741206952166617e-01 1.000000
-3.10310310310309978e-02 +9.98645503596952144e-01 +9.99744644550648043e-01 1.000000
-2.90290290290290409e-02 +9.99284692980626721e-01 +9.99748027536197847e-01 1.000000
-2.70270270270270840e-02 +9.99929765209819355e-01 +9.99751328673769035e-01 1.000000
-2.50250250250250161e-02 +1.00057227225216661e+00 +9.99754521327031020e-01 1.000000
-2.30230230230230593e-02 +1.00120383321583062e+00 +9.99757579689785070e-01 1.000000
-2.10210210210209913e-02 +1.00181623835100853e+00 +9.99760479008007463e-01 1.000000
-1.90190190190190345e-02 +1.00240155063918790e+00 +9.99763195790988823e-01 1.000000
-1.70170170170170776e-02 +1.00295220376554584e+00 +9.99765708010140308e-01 1.000000
-1.50150150150150097e-02 +1.00346109531533023e+00 +9.99767995284121302e-01 1.000000
-1.30130130130130528e-02 +1.00392167409367050e+00 +9.99770039049069248e-01 1.000000
-1.10110110110109849e-02 +1.00432802053938142e+00 +9.99771822712800518e-01 1.000000
-9.00900900900902801e-03 +1.00467491928609931e+00 +9.99773331791980802e-01 1.000000
-7.00700700700696011e-03 +1.00495792301758735e+00 +9.99774554031375606e-01 1.000000
-5.00500500500500323e-03 +1.00517340686719092e+00 +9.99775479504408926e-01 1.000000
-3.00300300300304635e-03 +1.00531861272304313e+00 +9.99776100694392267e-01 1.000000
-1.00100100100097844e-03 +1.00539168291943093e+00 +9.99776412555898775e-01 1.000000
+1.00100100100108946e-03 +1.00539168291943093e+00 +9.99776412555898775e-01 1.000000
+3.00300300300304635e-03 +1.00531861272304313e+00 +9.99776100694392267e-01 1.000000
+5.00500500500500323e-03 +1.00517340686719092e+00 +9.99775479504408926e-01 1.000000
+7.00700700700696011e-03 +1.00495792301758735e+00 +9.99774554031375495e-01 1.000000
+9.00900900900891699e-03 +1.00467491928609953e+00 +9.99773331791980913e-01 1.000000
+1.10110110110110959e-02 +1.00432802053938164e+00 +9.99771822712800295e-01 1.000000
+1.30130130130130528e-02 +1.00392167409367072e+00 +9.99770039049069359e-01 1.000000
+1.50150150150150097e-02 +1.00346109531533023e+00 +9.99767995284121302e-01 1.000000
+1.70170170170169666e-02 +1.00295220376554584e+00 +9.99765708010140308e-01 1.000000
+1.90190190190189234e-02 +1.00240155063918812e+00 +9.99763195790988823e-01 1.000000
+2.10210210210211024e-02 +1.00181623835100853e+00 +9.99760479008007241e-01 1.000000
+2.30230230230230593e-02 +1.00120383321583062e+00 +9.99757579689784848e-01 1.000000
+2.50250250250250161e-02 +1.00057227225216705e+00 +9.99754521327031020e-01 1.000000
+2.70270270270269730e-02 +9.99929765209819577e-01 +9.99751328673768813e-01 1.000000
+2.90290290290289299e-02 +9.99284692980626721e-01 +9.99748027536197625e-01 1.000000
+3.10310310310311088e-02 +9.98645503596952144e-01 +9.99744644550647932e-01 1.000000
+3.30330330330330657e-02 +9.98020607054217357e-01 +9.99741206952166617e-01 1.000000
+3.50350350350350226e-02 +9.97418270211359315e-01 +9.99737742335341628e-01 1.000000
+3.70370370370369795e-02 +9.96846513026313552e-01 +9.99734278409063482e-01 1.000000
+3.90390390390389364e-02 +9.96313007372397141e-01 +9.99730842746986315e-01 1.000000
+4.10410410410411153e-02 +9.95824979655884457e-01 +9.99727462535517919e-01 1.000000
+4.30430430430430722e-02 +9.95389118415352492e-01 +9.99724164321221465e-01 1.000000
+4.50450450450450290e-02 +9.95011488029932112e-01 +9.99720973759546161e-01 1.000000
+4.70470470470469859e-02 +9.94697449596979366e-01 +9.99717915366852616e-01 1.000000
+4.90490490490489428e-02 +9.94451589960573590e-01 +9.99715012277703319e-01 1.000000
+5.10510510510511217e-02 +9.94277659781493406e-01 +9.99712286009406981e-01 1.000000
+5.30530530530530786e-02 +9.94178521437898532e-01 +9.99709756235802938e-01 1.000000
+5.50550550550550355e-02 +9.94156107434927216e-01 +9.99707440572246586e-01 1.000000
+5.70570570570569924e-02 +9.94211389882033836e-01 +9.99705354373740307e-01 1.000000
+5.90590590590589493e-02 +9.94344361470428595e-01 +9.99703510548096919e-01 1.000000
+6.10610610610611282e-02 +9.94554028250825062e-01 +9.99701919385972193e-01 1.000000
+6.30630630630630851e-02 +9.94838414375333602e-01 +9.99700588409528690e-01 1.000000
+6.50650650650650419e-02 +9.95194578828239806e-01 +9.99699522241402794e-01 1.000000
+6.70670670670669988e-02 +9.95618644030159539e-01 +9.99698722495547698e-01 1.000000
+6.90690690690689557e-02 +9.96105836060226069e-01 +9.99698187691399731e-01 1.000000
+7.10710710710711346e-02 +9.96650536103120377e-01 +9.99697913192693077e-01 1.000000
+7.30730730730730915e-02 +9.97246342593478663e-01 +9.99697891172087516e-01 1.000000
+7.50750750750750484e-02 +9.97886143401026660e-01 +9.99698110602626255e-01 1.000000
+7.70770770770770053e-02 +9.98562197277220842e-01 +9.99698557276846089e-01 1.000000
+7.90790790790789622e-02 +9.99266223669600384e-01 +9.99699213854192581e-01 1.000000
+8.10810810810811411e-02 +9.99989499904894830e-01 +9.99700059937174146e-01 1.000000
+8.30830830830830980e-02 +1.00072296464737298e+00 +9.99701072176488181e-01 1.000000
+8.50850850850850549e-02 +1.00145732645617636e+00 +9.99702224405114803e-01 1.000000
+8.70870870870870117e-02 +1.00218317619542518e+00 +9.99703487801153701e-01 1.000000
+8.90890890890889686e-02 +1.00289110199467335e+00 +9.99704831078928047e-01 1.000000
+9.10910910910911475e-02 +1.00357180541549695e+00 +9.99706220707632487e-01 1.000000
+9.30930930930931044e-02 +1.00421621745331757e+00 +9.99707621156553872e-01 1.000000
+9.50950950950950613e-02 +1.00481561299232003e+00 +9.99708995165630054e-01 1.000000
+9.70970970970970182e-02 +1.00536172233588528e+00 +9.99710304039857722e-01 1.000000
+9.90990990990991971e-02 +1.00584683845535272e+00 +9.99711507965805768e-01 1.000000
+1.01101101101101154e-01 +1.00626391863611375e+00 +9.99712566348229026e-01 1.000000
+1.03103103103103111e-01 +1.00660667925172653e+00 +9.99713438164535062e-01 1.000000
+1.05105105105105068e-01 +1.00686968246355946e+00 +9.99714082334613119e-01 1.000000
+1.07107107107107025e-01 +1.00704841372474219e+00 +9.99714458103299064e-01 1.000000
+1.09109109109109204e-01 +1.00713934906223690e+00 +9.99714525432534584e-01 1.000000
+1.11111111111111160e-01 +1.00714001121865349e+00 +9.99714245400073254e-01 1.000000
+1.13113113113113117e-01 +1.00704901385497769e+00 +9.99713580601394813e-01 1.000000
+1.15115115115115074e-01 +1.00686609314542519e+00 +9.99712495551324021e-01 1.000000
+1.17117117117117031e-01 +1.00659212623484118e+00 +9.99710957081701657e-01 1.000000
+1.19119119119119210e-01 +1.00622913617594500e+00 +9.99708934731337817e-01 1.000000
+1.21121121121121167e-01 +1.00578028311674239e+00 +9.99706401124370259e-01 1.000000
+1.23123123123123124e-01 +1.00524984166590592e+00 +9.99703332333101491e-01 1.000000
+1.25125125125125081e-01 +1.00464316452416447e+00 +9.99699708221334693e-01 1.000000
+1.27127127127127038e-01 +1.00396663263094688e+00 +9.99695512764236405e-01 1.000000
+1.29129129129129216e-01 +1.00322759223591640e+00 +9.99690734340779485e-01 1.000000
+1.31131131131131173e-01 +1.00243427946277874e+00 +9.99685365994891217e-01 1.000000
+1.33133133133133130e-01 +1.00159573308603123e+00 +9.99679405661527354e-01 1.000000
+1.35135135135135087e-01 +1.00072169638837760e+00 +9.99672856354042350e-01 1.000000
+1.37137137137137044e-01 +9.99822509105618651e-01 +9.99665726309405311e-01 1.000000
+1.39139139139139223e-01 +9.98908990595259394e-01 +9.99658029088024924e-01 1.000000
+1.41141141141141180e-01 +9.97992315483280823e-01 +9.99649783625214394e-01 1.000000
+1.43143143143143137e-01 +9.97083883149008754e-01 +9.99641014231618441e-01 1.000000
+1.45145145145145094e-01 +9.96195182499421850e-01 +9.99631750540266095e-01 1.000000
+1.47147147147147050e-01 +9.95337653560350533e-01 +9.99622027398282875e-01 1.000000
+1.49149149149149229e-01 +9.94522547471726415e-01 +9.99611884701708586e-01 1.000000
+1.51151151151151186e-01 +9.93760786516493466e-01 +9.99601367172312294e-01 1.000000
+1.53153153153153143e-01 +9.93062825837202845e-01 +9.99590524075769871e-01 1.000000
+1.55155155155155100e-01 +9.92438518500177280e-01 +9.99579408881079767e-01 1.000000
+1.57157157157157057e-01 +9.91896985554088784e-01 +9.99568078861624243e-01 1.000000
+1.59159159159159236e-01 +9.91446492697716009e-01 +9.99556594638839502e-01 1.000000
+1.61161161161161193e-01 +9.91094335120596526e-01 +9.99545019670040613e-01 1.000000
+1.63163163163163150e-01 +9.90846732010537856e-01 +9.99533419682531732e-01 1.000000
+1.65165165165165106e-01 +9.90708732134019887e-01 +9.99521862056745869e-01 1.000000
+1.67167167167167063e-01 +9.90684131790066647e-01 +9.99510415161760979e-01 1.000000
+1.69169169169169242e-01 +9.90775406316133145e-01 +9.99499147647162967e-01 1.000000
+1.71171171171171199e-01 +9.90983656187015560e-01 +9.99488127695822071e-01 1.000000
+1.73173173173173156e-01 +9.91308568596066975e-01 +9.99477422242761482e-01 1.000000
+1.75175175175175113e-01 +9.91748395243532421e-01 +9.99467096165881141e-01 1.000000
+1.77177177177177070e-01 +9.92299946881264994e-01 +9.99457211454850225e-01 1.000000
+1.79179179179179249e-01 +9.92958604978212311e-01 +9.99447826365042480e-01 1.000000
+1.81181181181181206e-01 +9.93718350678814977e-01 +9.99438994563872196e-01 1.000000
+1.83183183183183163e-01 +9.94571811028829189e-01 +9.99430764277365213e-01 1.000000
+1.85185185185185119e-01 +9.95510322242261214e-01 +9.99423177445213029e-01 1.000000
+1.87187187187187076e-01 +9.96524009581208681e-01 +9.99416268892927118e-01 1.000000
+1.89189189189189255e-01 +9.97601883219765950e-01 +9.99410065530019320e-01 1.000000
+1.91191191191191212e-01 +9.98731949265990071e-01 +9.99404585583377192e-01 1.000000
+1.93193193193193169e-01 +9.99901334924561680e-01 +9.99399837875181496e-01 1.000000
+1.95195195195195126e-01 +1.00109642659941933e+00 +9.99395821154807185e-01 1.000000
+1.97197197197197083e-01 +1.00230301956257573e+00 +9.99392523494176177e-01 1.000000
+1.99199199199199262e-01 +1.00350647765460854e+00 +9.99389921755958421e-01 1.000000
+2.01201201201201219e-01 +1.00469190133603448e+00 +9.99387981143864401e-01 1.000000
+2.03203203203203175e-01 +1.00584430227885457e+00 +9.99386654844025224e-01 1.000000
+2.05205205205205132e-01 +1.00694878257572995e+00 +9.99385883766114480e-01 1.000000
+2.07207207207207089e-01 +1.00799071655218042e+00 +9.99385596392411979e-01 1.000000
+2.09209209209209268e-01 +1.00895593309626652e+00 +9.99385708742484891e-01 1.000000
+2.11211211211211225e-01 +1.00983089637167112e+00 +9.99386124460494463e-01 1.000000
+2.13213213213213182e-01 +1.01060288275490606e+00 +9.99386735031403406e-01 1.000000
+2.15215215215215139e-01 +1.01126015183631646e+00 +9.99387420131507165e-01 1.000000
+2.17217217217217318e-01 +1.01179210934812858e+00 +9.99388048117750727e-01 1.000000
+2.19219219219219275e-01 +1.01218945993121934e+00 +9.99388476659262115e-01 1.000000
+2.21221221221221231e-01 +1.01244434772558445e+00 +9.99388553513367195e-01 1.000000
+2.23223223223223188e-01 +1.01255048286730509e+00 +9.99388117447138069e-01 1.000000
+2.25225225225225145e-01 +1.01250325209661396e+00 +9.99386999304181067e-01 1.000000
+2.27227227227227324e-01 +1.01229981182656092e+00 +9.99385023214986568e-01 1.000000
+2.29229229229229281e-01 +1.01193916218865976e+00 +9.99382007947672291e-01 1.000000
+2.31231231231231238e-01 +1.01142220075936273e+00 +9.99377768394413835e-01 1.000000
+2.33233233233233195e-01 +1.01075175487759417e+00 +9.99372117187256825e-01 1.000000
+2.35235235235235152e-01 +1.00993259168700167e+00 +9.99364866435347055e-01 1.000000
+2.37237237237237331e-01 +1.00897140527489171e+00 +9.99355829573939314e-01 1.000000
+2.39239239239239287e-01 +1.00787678053069674e+00 +9.99344823313826014e-01 1.000000
+2.41241241241241244e-01 +1.00665913360773196e+00 +9.99331669678099055e-01 1.000000
+2.43243243243243201e-01 +1.00533062914022331e+00 +9.99316198111432241e-01 1.000000
+2.45245245245245158e-01 +1.00390507464032219e+00 +9.99298247645358573e-01 1.000000
+2.47247247247247337e-01 +1.00239779277407104e+00 +9.99277669101314214e-01 1.000000
+2.49249249249249294e-01 +1.00082547248804254e+00 +9.99254327311590029e-01 1.000000
+2.51251251251251251e-01 +9.99206000226517399e-01 +9.99228103336718410e-01 1.000000
+2.53253253253253208e-01 +9.97558272739519136e-01 +9.99198896656321445e-01 1.000000
+2.55255255255255165e-01 +9.95901993231627980e-01 +9.99166627308990196e-01 1.000000
+2.57257257257257343e-01 +9.94257452837260969e-01 +9.99131237955454554e-01 1.000000
+2.59259259259259300e-01 +9.92645299626994992e-01 +9.99092695838069367e-01 1.000000
+2.61261261261261257e-01 +9.91086297548700035e-01 +9.99050994608582821e-01 1.000000
+2.63263263263263214e-01 +9.89601077884016855e-01 +9.99006155995207923e-01 1.000000
+2.65265265265265171e-01 +9.88209885952516132e-01 +9.98958231279265085e-01 1.000000
+2.67267267267267350e-01 +9.86932325920407472e-01 +9.98907302551076182e-01 1.000000
+2.69269269269269307e-01 +9.85787106665850343e-01 +9.98853483714403412e-01 1.000000
+2.71271271271271264e-01 +9.84791791716932763e-01 +9.98796921208541355e-01 1.000000
+2.73273273273273221e-01 +9.83962556309761704e-01 +9.98737794417211777e-01 1.000000
+2.75275275275275177e-01 +9.83313954611622520e-01 +9.98676315733685871e-01 1.000000
+2.77277277277277356e-01 +9.82858700116993278e-01 +9.98612730252062653e-01 1.000000
+2.79279279279279313e-01 +9.82607462151898425e-01 +9.98547315055404172e-01 1.000000
+2.81281281281281270e-01 +9.82568681314454628e-01 +9.98480378072451047e-01 1.000000
+2.83283283283283227e-01 +9.82748406536915864e-01 +9.98412256475937565e-01 1.000000
+2.85285285285285184e-01 +9.83150156277590836e-01 +9.98343314597071929e-01 1.000000
+2.87287287287287363e-01 +9.83774806140879532e-01 +9.98273941332606829e-01 1.000000
+2.89289289289289320e-01 +9.84620504981731037e-01 +9.98204547023013866e-01 1.000000
+2.91291291291291277e-01 +9.85682621278942794e-01 +9.98135559782674986e-01 1.000000
+2.93293293293293234e-01 +9.86953721262147754e-01 +9.98067421265661170e-01 1.000000
+2.95295295295295190e-01 +9.88423579952609210e-01 +9.98000581853585533e-01 1.000000
+2.97297297297297369e-01 +9.90079225931060125e-01 +9.97935495255214966e-01 1.000000
+2.99299299299299326e-01 +9.91905020279986616e-01 +9.97872612510959711e-01 1.000000
+3.01301301301301283e-01 +9.93882769766561758e-01 +9.97812375399031559e-01 1.000000
+3.03303303303303240e-01 +9.95991873939672145e-01 +9.97755209243988750e-01 1.000000
+3.05305305305305197e-01 +9.98209505414212162e-01 +9.97701515132477068e-01 1.000000
+3.07307307307307376e-01 +1.00051082221229359e+00 +9.97651661545319590e-01 1.000000
+3.09309309309309333e-01 +1.00286921062860435e+00 +9.97605975419572411e-01 1.000000
+3.11311311311311290e-01 +1.00525655669038971e+00 +9.97564732658824171e-01 1.000000
+3.13313313313313246e-01 +1.00764354389594035e+00 +9.97528148114771973e-01 1.000000
+3.15315315315315203e-01 +1.00999997454369428e+00 +9.97496365067992885e-01 1.000000
+3.17317317317317382e-01 +1.01229511161157593e+00 +9.97469444240770442e-01 1.000000
+3.19319319319319339e-01 +1.01449803781753989e+00 +9.97447352379833174e-01 1.000000
+3.21321321321321296e-01 +1.01657802819171494e+00 +9.97429950451866554e-01 1.000000
+3.23323323323323253e-01 +1.01850493222226834e+00 +9.97416981499659072e-01 1.000000
+3.25325325325325210e-01 +1.02024956140498491e+00 +9.97408058211664894e-01 1.000000
+3.27327327327327389e-01 +1.02178407783423864e+00 +9.97402650262631307e-01 1.000000
+3.29329329329329346e-01 +1.02308237932380486e+00 +9.97400071487647977e-01 1.000000
+3.31331331331331302e-01 +1.02412047644272497e+00 +9.97399466956556680e-01 1.000000
+3.33333333333333259e-01 +1.02487685679671947e+00 +9.97399800020010163e-01 1.000000
+3.35335335335335216e-01 +1.02533283188145163e+00 +9.97399839402608568e-01 1.000000
+3.37337337337337395e-01 +1.02547286188184605e+00 +9.97398146422395659e-01 1.000000
+3.39339339339339352e-01 +1.02528485389267598e+00 +9.97393062419539178e-01 1.000000
+3.41341341341341309e-01 +1.02476042919022103e+00 +9.97382696480220599e-01 1.000000
+3.43343343343343266e-01 +1.02389515539286236e+00 +9.97364913544563692e-01 1.000000
+3.45345345345345223e-01 +1.02268873960936157e+00 +9.97337322989836572e-01 1.000000
+3.47347347347347402e-01 +1.02114517898593737e+00 +9.97297267782078278e-01 1.000000
+3.49349349349349358e-01 +1.01927286542528228e+00 +9.97241814290775408e-01 1.000000
+3.51351351351351315e-01 +1.01708464165983004e+00 +9.97167742862129058e-01 1.000000
+3.53353353353353272e-01 +1.01459780631485241e+00 +9.97071539246854766e-01 1.000000
+3.55355355355355451e-01 +1.01183406609069038e+00 +9.96949386978266183e-01 1.000000
+3.57357357357357408e-01 +1.00881943372340799e+00 +9.96797160795623860e-01 1.000000
+3.59359359359359365e-01 +1.00558407094473212e+00 +9.96610421206332142e-01 1.000000
+3.61361361361361322e-01 +1.00216207625006204e+00 +9.96384410278551735e-01 1.000000
+3.63363363363363279e-01 +9.98591217892028538e-01 +9.96114048753117487e-01 1.000000
+3.65365365365365458e-01 +9.94912613140467528e-01 +9.95793934560333494e-01 1.000000
+3.67367367367367414e-01 +9.91170355481443499e-01 +9.95418342823231939e-01 1.000000
+3.69369369369369371e-01 +9.87411092061383000e-01 +9.94981227424228232e-01 1.000000
+3.71371371371371328e-01 +9.83683554310704311e-01 +9.94476224206797932e-01 1.000000
+3.73373373373373285e-01 +9.80038045297380478e-01 +9.93896655877837376e-01 1.000000
+3.75375375375375464e-01 +9.76525887957731320e-01 +9.93235538669757778e-01 1.000000
+3.77377377377377421e-01 +9.73198838922124554e-01 +9.92485590814132679e-01 1.000000
+3.79379379379379378e-01 +9.70108473190294918e-01 +9.91639242870863358e-01 1.000000
+3.81381381381381335e-01 +9.67305545407673995e-01 +9.90688649948418654e-01 1.000000
+3.83383383383383292e-01 +9.64839333943864119e-01 +9.89625705841706615e-01 1.000000
+3.85385385385385471e-01 +9.62756974370836516e-01 +9.88442059104655768e-01 1.000000
+3.87387387387387427e-01 +9.61102789275620983e-01 +9.87129131064599763e-01 1.000000
+3.89389389389389384e-01 +9.59917621614675420e-01 +9.85678135775143405e-01 1.000000
+3.91391391391391341e-01 +9.59238179019875181e-01 +9.84080101893401782e-01 1.000000
+3.93393393393393298e-01 +9.59096396594709133e-01 +9.82325896456354153e-01 1.000000
+3.95395395395395477e-01 +9.59518825790232066e-01 +9.80406250519650913e-01 1.000000
+3.97397397397397434e-01 +9.60526056920560922e-01 +9.78311786610572831e-01 1.000000
+3.99399399399399391e-01 +9.62132182765159882e-01 +9.76033047935054743e-01 1.000000
+4.01401401401401348e-01 +9.64344310508408631e-01 +9.73560529266804253e-01 1.000000
+4.03403403403403304e-01 +9.67162128985654013e-01 +9.70884709434653992e-01 1.000000
+4.05405405405405483e-01 +9.70577537839469873e-01 +9.67996085312433641e-01 1.000000
+4.07407407407407440e-01 +9.74574344741666376e-01 +9.64885207203937334e-01 1.000000
+4.09409409409409397e-01 +9.79128036307974847e-01 +9.61542715504041690e-01 1.000000
+4.11411411411411354e-01 +9.84205627726600918e-01 +9.57959378505803816e-01 1.000000
+4.13413413413413311e-01 +9.89765595443204083e-01 +9.54126131212486239e-01 1.000000
+4.15415415415415490e-01 +9.95757896498455697e-01 +9.50034115003027257e-01 1.000000
+4.17417417417417447e-01 +1.00212407730621234e+00 +9.45674717989553604e-01 1.000000
+4.19419419419419404e-01 +1.00879747379739593e+00 +9.41039615896197112e-01 1.000000
+4.21421421421421361e-01 +1.01570350394459807e+00 +9.36120813279841424e-01 1.000000
+4.23423423423423317e-01 +1.02276005273369819e+00 +9.30910684905494779e-01 1.000000
+4.25425425425425496e-01 +1.02987794867050941e+00 +9.25402017081904726e-01 1.000000
+4.27427427427427453e-01 +1.03696152991237933e+00 +9.19588048756821430e-01 1.000000
+4.29429429429429410e-01 +1.04390929710702940e+00 +9.13462512166059226e-01 1.000000
+4.31431431431431367e-01 +1.05061464901434465e+00 +9.07019672826285372e-01 1.000000
+4.33433433433433324e-01 +1.05696669599232540e+00 +9.00254368658277793e-01 1.000000
+4.35435435435435503e-01 +1.06285114545712012e+00 +8.93162048025375799e-01 1.000000
+4.37437437437437460e-01 +1.06815125249022436e+00 +8.85738806470967588e-01 1.000000
+4.39439439439439417e-01 +1.07274882787479786e+00 +8.77981421939206585e-01 1.000000
+4.41441441441441373e-01 +1.07652529500858685e+00 +8.69887388264748873e-01 1.000000
+4.43443443443443330e-01 +1.07936278637398830e+00 +8.61454946720169534e-01 1.000000
+4.45445445445445509e-01 +1.08114526955661483e+00 +8.52683115413862103e-01 1.000000
+4.47447447447447466e-01 +1.08175969220212842e+00 +8.43571716336730670e-01 1.000000
+4.49449449449449423e-01 +1.08109713479622727e+00 +8.34121399862716717e-01 1.000000
+4.51451451451451380e-01 +1.07905395975279084e+00 +8.24333666516340768e-01 1.000000
+4.53453453453453337e-01 +1.07553294500775021e+00 +8.14210885829784292e-01 1.000000
+4.55455455455455516e-01 +1.07044439014759574e+00 +8.03756312122706373e-01 1.000000
+4.57457457457457473e-01 +1.06370718305688916e+00 +7.92974097049906179e-01 1.000000
+4.59459459459459429e-01 +1.05524981515266125e+00 +7.81869298775000665e-01 1.000000
+4.61461461461461386e-01 +1.04501133348800845e+00 +7.70447887642617624e-01 1.000000
+4.63463463463463343e-01 +1.03294221835379219e+00 +7.58716748236895722e-01 1.000000
+4.65465465465465522e-01 +1.01900517548614489e+00 +7.46683677730530793e-01 1.000000
+4.67467467467467479e-01 +1.00317583259689380e+00 +7.34357380445951002e-01 1.000000
+4.69469469469469436e-01 +9.85443330680988439e-01 +7.21747458568423816e-01 1.000000
+4.71471471471471393e-01 +9.65810801415090237e-01 +7.08864398969970222e-01 1.000000
+4.73473473473473572e-01 +9.44295722938455206e-01 +6.95719556122641580e-01 1.000000
+4.75475475475475529e-01 +9.20930147393706044e-01 +6.82325131100054771e-01 1.000000
+4.77477477477477485e-01 +8.95760794791910619e-01 +6.68694146686840907e-01 1.000000
+4.79479479479479442e-01 +8.68849009043361820e-01 +6.54840418636850718e-01 1.000000
+4.81481481481481399e-01 +8.40270573350597849e-01 +6.40778523142310097e-01 1.000000
+4.83483483483483578e-01 +8.10115383580903514e-01 +6.26523760597636148e-01 1.000000
+4.85485485485485535e-01 +7.78486979707503135e-01 +6.12092115763105515e-01 1.000000
+4.87487487487487492e-01 +7.45501936916922348e-01 +5.97500214454866008e-01 1.000000
+4.89489489489489449e-01 +7.11289119508848211e-01 +5.82765276908862706e-01 1.000000
+4.91491491491491406e-01 +6.75988802247330822e-01 +5.67905067986810841e-01 1.000000
+4.93493493493493585e-01 +6.39751665341622089e-01 +5.52937844412409119e-01 1.000000
+4.95495495495495542e-01 +6.02737670723695107e-01 +5.37882299245333151e-01 1.000000
+4.97497497497497498e-01 +5.65114828729873508e-01 +5.22757503819003766e-01 1.000000
+4.99499499499499455e-01 +5.27057865668863368e-01 +5.07582847385700253e-01 1.000000
+5.01501501501501412e-01 +4.88746804049944417e-01 +4.92377974728951950e-01 0.000000
+5.03503503503503591e-01 +4.50365468436911054e-01 +4.77162722018342089e-01 0.000000
+5.05505505505505548e-01 +4.12099930969027972e-01 +4.61957051195696633e-01 0.000000
+5.07507507507507505e-01 +3.74136911534569294e-01 +4.46780983193939996e-01 0.000000
+5.09509509509509462e-01 +3.36662148381515536e-01 +4.31654530300747186e-01 0.000000
+5.11511511511511419e-01 +2.99858755590344472e-01 +4.16597627988160579e-01 0.000000
+5.13513513513513598e-01 +2.63905584304584662e-01 +4.01630066536706520e-01 0.000000
+5.15515515515515554e-01 +2.28975604905934604e-01 +3.86771422788039221e-01 0.000000
+5.17517517517517511e-01 +1.95234327424283371e-01 +3.72040992363671608e-01 0.000000
+5.19519519519519468e-01 +1.62838277383282160e-01 +3.57457722689002444e-01 0.000000
+5.21521521521521425e-01 +1.31933543994876001e-01 +3.43040147161373543e-01 0.000000
+5.23523523523523604e-01 +1.02654417130261688e-01 +3.28806320798422647e-01 0.000000
+5.25525525525525561e-01 +7.51221288105029528e-02 +3.14773757698461498e-01 0.000000
+5.27527527527527518e-01 +4.94437140805683573e-02 +3.00959370637916224e-01 0.000000
+5.29529529529529475e-01 +2.57110050616070618e-02 +2.87379413122222926e-01 0.000000
+5.31531531531531432e-01 +3.99977072525947719e-03 +2.74049424195752733e-01 0.000000
+5.33533533533533610e-01 -1.56309864884944805e-02 +2.60984176303588611e-01 0.000000
+5.35535535535535567e-01 -3.31395676697185948e-02 +2.48197626483244616e-01 0.000000
+5.37537537537537524e-01 -4.85019402381640097e-02 +2.35702871147754456e-01 0.000000
+5.39539539539539481e-01 -6.17119205812317606e-02 +2.23512104703161296e-01 0.000000
+5.41541541541541438e-01 -7.27811725273129762e-02 +2.11636582223221348e-01 0.000000
+5.43543543543543617e-01 -8.17390196983319717e-02 +2.00086586382390297e-01 0.000000
+5.45545545545545574e-01 -8.86320718964538345e-02 +1.88871398824898007e-01 0.000000
+5.47547547547547531e-01 -9.35236678313771108e-02 +1.77999276123073091e-01 0.000000
+5.49549549549549488e-01 -9.64931386612198905e-02 +1.67477430452303566e-01 0.000000
+5.51551551551551444e-01 -9.76348989757835906e-02 +1.57312015083108214e-01 0.000000
+5.53553553553553623e-01 -9.70573739691948933e-02 +1.47508114763070464e-01 0.000000
+5.55555555555555580e-01 -9.48817736027448566e-02 +1.38069741032933346e-01 0.000000
+5.57557557557557537e-01 -9.12407265212966667e-02 +1.28999832492175392e-01 0.000000
+5.59559559559559494e-01 -8.62767883314345951e-02 +1.20300260000130610e-01 0.000000
+5.61561561561561451e-01 -8.01408405509042021e-02 +1.11971836769270028e-01 0.000000
+5.63563563563563630e-01 -7.29903980721667844e-02 +1.04014333277941629e-01 0.000000
+5.65565565565565587e-01 -6.49878443249567450e-02 +9.64264969008200579e-02 0.000000
+5.67567567567567544e-01 -5.62986144520854492e-02 +8.92060761267212676e-02 0.000000
+5.69569569569569500e-01 -4.70893477102626856e-02 +8.23498492055996234e-02 0.000000
+5.71571571571571457e-01 -3.75260309563927308e-02 +7.58536570395406118e-02 0.000000
+5.73573573573573636e-01 -2.77721554656811809e-02 +6.97124401066855359e-02 0.000000
+5.75575575575575593e-01 -1.79869094398112384e-02 +6.39202791824488026e-02 0.000000
+5.77577577577577550e-01 -8.32342839352068209e-03 +5.84704395992461379e-02 0.000000
+5.79579579579579507e-01 +1.07287484814305722e-03 +5.33554187645366440e-02 0.000000
+5.81581581581581464e-01 +1.00658795527050482e-02 +4.85669966373176720e-02 0.000000
+5.83583583583583643e-01 +1.85302059211271408e-02 +4.40962888455967983e-02 0.000000
+5.85585585585585600e-01 +2.63525247086771608e-02 +3.99338021118396114e-02 0.000000
+5.87587587587587556e-01 +3.34327105384765733e-02 +3.60694916401381738e-02 0.000000
+5.89589589589589513e-01 +3.96848236428853363e-02 +3.24928201079875967e-02 0.000000
+5.91591591591591470e-01 +4.50379068239546432e-02 +2.91928178971306851e-02 0.000000
+5.93593593593593649e-01 +4.94365866917070851e-02 +2.61581441920948343e-02 0.000000
+5.95595595595595606e-01 +5.28414706925521283e-02 +2.33771485718108352e-02 0.000000
+5.97597597597597563e-01 +5.52293340509051323e-02 +2.08379327190985064e-02 0.000000
+5.99599599599599520e-01 +5.65930934832885590e-02 +1.85284118749328153e-02 0.000000
+6.01601601601601477e-01 +5.69415673715014670e-02 +1.64363756691341401e-02 0.000000
+6.03603603603603656e-01 +5.62990249631544204e-02 +1.45495479665684879e-02 0.000000
+6.05605605605605612e-01 +5.47045300655560895e-02 +1.28556453779684610e-02 0.000000
+6.07607607607607569e-01 +5.22110875727588297e-02 +1.13424340970501580e-02 0.000000
+6.09609609609609526e-01 +4.88846039749104566e-02 +9.99778474064327849e-03 0.000000
+6.11611611611611705e-01 +4.48026757029452161e-02 +8.80972488592524083e-03 0.000000
+6.13613613613613662e-01 +4.00532217194623508e-02 +7.76648901845666817e-03 0.000000
+6.15615615615615619e-01 +3.47329791385474484e-02 +6.85656562639547218e-03 0.000000
+6.17617617617617576e-01 +2.89458828050361827e-02 +6.06874119985306715e-03 0.000000
+6.19619619619619533e-01 +2.28013516509931735e-02 +5.39214091967044062e-03 0.000000
+6.21621621621621712e-01 +1.64125062404282263e-02 +4.81626584672745217e-03 0.000000
+6.23623623623623669e-01 +9.89434318219195585e-03 +4.33102645105115647e-03 0.000000
+6.25625625625625625e-01 +3.36189300900313626e-03 +3.92677234921168239e-03 0.000000
+6.27627627627627582e-01 -3.07161133442179768e-03 +3.59431814857247289e-03 0.000000
+6.29629629629629539e-01 -9.29652809661685176e-03 +3.32496532762355246e-03 0.000000
+6.31631631631631718e-01 -1.52085353683784619e-02 +3.11052011263301953e-03 0.000000
+6.33633633633633675e-01 -2.07102683828420120e-02 +2.94330734192643773e-03 0.000000
+6.35635635635635632e-01 -2.57128401403560747e-02 +2.81618034000147288e-03 0.000000
+6.37637637637637589e-01 -3.01372215021937784e-02 +2.72252685412260886e-03 0.000000
+6.39639639639639546e-01 -3.39154587594352463e-02 +2.65627113576699658e-03 0.000000
+6.41641641641641725e-01 -3.69917089193053661e-02 +2.61187227804549060e-03 0.000000
+6.43643643643643681e-01 -3.93230755362195539e-02 +2.58431894775507098e-03 0.000000
+6.45645645645645638e-01 -4.08802308180280516e-02 +2.56912067678394251e-03 0.000000
+6.47647647647647595e-01 -4.16478129225920091e-02 +2.56229590195672374e-03 0.000000
+6.49649649649649552e-01 -4.16245907836066964e-02 +2.56035696487755260e-03 0.000000
+6.51651651651651731e-01 -4.08233924198811438e-02 +2.56029230366588978e-03 0.000000
+6.53653653653653688e-01 -3.92707964369787277e-02 +2.55954608655367677e-03 0.000000
+6.55655655655655645e-01 -3.70065902680757342e-02 +2.55599555290741964e-03 0.000000
+6.57657657657657602e-01 -3.40830025627091859e-02 +2.54792634027478648e-03 0.000000
+6.59659659659659559e-01 -3.05637209559781464e-02 +2.53400608636034086e-03 0.000000
+6.61661661661661737e-01 -2.65227101734092363e-02 +2.51325660237594617e-03 0.000000
+6.63663663663663694e-01 -2.20428489841861808e-02 +2.48502491888102917e-03 0.000000
+6.65665665665665651e-01 -1.72144078443716708e-02 +2.44895350702972747e-03 0.000000
+6.67667667667667608e-01 -1.21333921102002029e-02 +2.40494997704004954e-03 0.000000
+6.69669669669669565e-01 -6.89977839014660477e-03 +2.35315655174916927e-03 0.000000
+6.71671671671671744e-01 -1.61567388770178511e-03 +2.29391960633940073e-03 0.000000
+6.73673673673673701e-01 +3.61656958625938829e-03 +2.22775955582726892e-03 0.000000
+6.75675675675675658e-01 +8.69625392694489685e-03 +2.15534135978578956e-03 0.000000
+6.77677677677677615e-01 +1.35262115840830144e-02 +2.07744589917585598e-03 0.000000
+6.79679679679679571e-01 +1.80146269379499735e-02 +1.99494246324632973e-03 0.000000
+6.81681681681681750e-01 +2.20767685705176020e-02 +1.90876256543565104e-03 0.000000
+6.83683683683683707e-01 +2.56365997778522092e-02 +1.81987528625010553e-03 0.000000
+6.85685685685685664e-01 +2.86282362544015290e-02 +1.72926431848724471e-03 0.000000
+6.87687687687687621e-01 +3.09972220618091043e-02 +1.63790686612141911e-03 0.000000
+6.89689689689689578e-01 +3.27015977552058135e-02 +1.54675452298919103e-03 0.000000
+6.91691691691691757e-01 +3.37127378481711926e-02 +1.45671623135457118e-03 0.000000
+6.93693693693693714e-01 +3.40159386124236351e-02 +1.36864339381559397e-03 0.000000
+6.95695695695695671e-01 +3.36107414776120050e-02 +1.28331718513030602e-03 0.000000
+6.97697697697697627e-01 +3.25109819577847348e-02 +1.20143808369582716e-03 0.000000
+6.99699699699699584e-01 +3.07445590118857748e-02 +1.12361761592577603e-03 0.000000
+7.01701701701701763e-01 +2.83529249647401227e-02 +1.05037228093263213e-03 0.000000
+7.03703703703703720e-01 +2.53903014833484764e-02 +9.82119598042063835e-04 0.000000
+7.05705705705705677e-01 +2.19226325251906662e-02 +9.19176196025883741e-04 0.000000
+7.07707707707707634e-01 +1.80262905498143056e-02 +8.61757840816268494e-04 0.000000
+7.09709709709709591e-01 +1.37865575078125469e-02 +8.09981278112381631e-04 0.000000
+7.11711711711711770e-01 +9.29590708627969775e-03 +7.63867748947377745e-04 0.000000
+7.13713713713713727e-01 +4.65211929099323962e-03 +7.23348020157776883e-04 0.000000
+7.15715715715715683e-01 -4.37374208693830369e-05 +6.88268757978727219e-04 0.000000
+7.17717717717717640e-01 -4.68941767707387047e-03 +6.58400061823050109e-04 0.000000
+7.19719719719719597e-01 -9.18366270873399726e-03 +6.33443966818469928e-04 0.000000
+7.21721721721721776e-01 -1.34283720014439778e-02 +6.13043717961225809e-04 0.000000
+7.23723723723723733e-01 -1.73307378852888272e-02 +5.96793615844248837e-04 0.000000
+7.25725725725725690e-01 -2.08052974039877880e-02 +5.84249233852029981e-04 0.000000
+7.27727727727727647e-01 -2.37758562620872804e-02 +5.74937809455444704e-04 0.000000
+7.29729729729729826e-01 -2.61772410619864337e-02 +5.68368617725356629e-04 0.000000
+7.31731731731731783e-01 -2.79568384211024701e-02 +5.64043143317483064e-04 0.000000
+7.33733733733733740e-01 -2.90758828960012705e-02 +5.61464877813777630e-04 0.000000
+7.35735735735735696e-01 -2.95104599068157780e-02 +5.60148582281760898e-04 0.000000
+7.37737737737737653e-01 -2.92521950029920319e-02 +5.59628869998884948e-04 0.000000
+7.39739739739739832e-01 -2.83086067704323430e-02 +5.59467981269601289e-04 0.000000
+7.41741741741741789e-01 -2.67031073597469581e-02 +5.59262640851543313e-04 0.000000
+7.43743743743743746e-01 -2.44746419046228958e-02 +5.58649908411146257e-04 0.000000
+7.45745745745745703e-01 -2.16769658682505195e-02 +5.57311953345240862e-04 0.000000
+7.47747747747747660e-01 -1.83775674567718261e-02 +5.54979706874236811e-04 0.000000
+7.49749749749749839e-01 -1.46562505089263273e-02 +5.51435366220209833e-04 0.000000
+7.51751751751751796e-01 -1.06034015346624377e-02 +5.46513747539889572e-04 0.000000
+7.53753753753753752e-01 -6.31797264689692994e-03 +5.40102505767969809e-04 0.000000
+7.55755755755755709e-01 -1.90521981790731099e-03 +5.32141260255469817e-04 0.000000
+7.57757757757757666e-01 +2.52575699945084553e-03 +5.22619684740655011e-04 0.000000
+7.59759759759759845e-01 +6.86461900807583403e-03 +5.11574638424050487e-04 0.000000
+7.61761761761761802e-01 +1.10024807033511918e-02 +4.99086431433592992e-04 0.000000
+7.63763763763763759e-01 +1.48346265072283323e-02 +4.85274332468588199e-04 0.000000
+7.65765765765765716e-01 +1.82631864444572356e-02 +4.70291438669723227e-04 0.000000
+7.67767767767767673e-01 +2.11997038871039045e-02 +4.54319037535344528e-04 0.000000
+7.69769769769769852e-01 +2.35675284228912263e-02 +4.37560597845054744e-04 0.000000
+7.71771771771771808e-01 +2.53039685653852486e-02 +4.20235530913026789e-04 0.000000
+7.73773773773773765e-01 +2.63621423708707558e-02 +4.02572865004391378e-04 0.000000
+7.75775775775775722e-01 +2.67124690717027158e-02 +3.84804974375763109e-04 0.000000
+7.77777777777777679e-01 +2.63437515522724763e-02 +3.67161500171631072e-04 0.000000
+7.79779779779779858e-01 +2.52638078117829457e-02 +3.49863593398891393e-04 0.000000
+7.81781781781781815e-01 +2.34996193636389794e-02 +3.33118600547022137e-04 0.000000
+7.83783783783783772e-01 +2.10969756552155108e-02 +3.17115300304593450e-04 0.000000
+7.85785785785785729e-01 +1.81196058502428592e-02 +3.02019785480556191e-04 0.000000
+7.87787787787787686e-01 +1.46478024522717631e-02 +2.87972067964825662e-04 0.000000
+7.89789789789789864e-01 +1.07765549747657619e-02 +2.75083466679593158e-04 0.000000
+7.91791791791791821e-01 +6.61322585842472055e-03 +2.63434819348207228e-04 0.000000
+7.93793793793793778e-01 +2.27481474589946719e-03 +2.53075538963920543e-04 0.000000
+7.95795795795795735e-01 -2.11512932920293606e-03 +2.44023515479085962e-04 0.000000
+7.97797797797797692e-01 -6.42987569152364546e-03 +2.36265842931904224e-04 0.000000
+7.99799799799799871e-01 -1.05430762294668745e-02 +2.29760332420447799e-04 0.000000
+8.01801801801801828e-01 -1.43324328937196599e-02 +2.24437752492756548e-04 0.000000
+8.03803803803803785e-01 -1.76833676794637684e-02 +2.20204721093852918e-04 0.000000
+8.05805805805805742e-01 -2.04925890285835854e-02 +2.16947157619606923e-04 0.000000
+8.07807807807807698e-01 -2.26714460434517817e-02 +2.14534190284332293e-04 0.000000
+8.09809809809809877e-01 -2.41489623360639505e-02 +2.12822403258206005e-04 0.000000
+8.11811811811811834e-01 -2.48744449498898290e-02 +2.11660300196370166e-04 0.000000
+8.13813813813813791e-01 -2.48195707167389590e-02 +2.10892856095656889e-04 0.000000
+8.15815815815815748e-01 -2.39798626917954727e-02 +2.10366028077446643e-04 0.000000
+8.17817817817817705e-01 -2.23754828966072905e-02 +2.09931097785220899e-04 0.000000
+8.19819819819819884e-01 -2.00512843394851092e-02 +2.09448723648475443e-04 0.000000
+8.21821821821821841e-01 -1.70760849146850413e-02 +2.08792590213890961e-04 0.000000
+8.23823823823823798e-01 -1.35411479339729857e-02 +2.07852553932186268e-04 0.000000
+8.25825825825825754e-01 -9.55787823374104617e-03 +2.06537199966549956e-04 0.000000
+8.27827827827827711e-01 -5.25476843698846618e-03 +2.04775742401186456e-04 0.000000
+8.29829829829829890e-01 -7.73656340831208045e-04 +2.02519220268870814e-04 0.000000
+8.31831831831831847e-01 +3.73461923435708387e-03 +1.99740963554739803e-04 0.000000
+8.33833833833833804e-01 +8.11505131424300474e-03 +1.96436326203142109e-04 0.000000
+8.35835835835835761e-01 +1.22136498471379085e-02 +1.92621706496587386e-04 0.000000
+8.37837837837837718e-01 +1.58828215212634682e-02 +1.88332898316656561e-04 0.000000
+8.39839839839839897e-01 +1.89867695838287776e-02 +1.83622838996477800e-04 0.000000
+8.41841841841841854e-01 +2.14067262556627558e-02 +1.78558840007558839e-04 0.000000
+8.43843843843843811e-01 +2.30458231338607211e-02 +1.73219404864477511e-04 0.000000
+8.45845845845845767e-01 +2.38334040045353190e-02 +1.67690753675509008e-04 0.000000
+8.47847847847847724e-01 +2.37285903789334895e-02 +1.62063185082994554e-04 0.000000
+8.49849849849849903e-01 +2.27229232769152190e-02 +1.56427413356086120e-04 0.000000
+8.51851851851851860e-01 +2.08419255602642073e-02 +1.50871020665743760e-04 0.000000
+8.53853853853853817e-01 +1.81454574676074842e-02 +1.45475161752006699e-04 0.000000
+8.55855855855855774e-01 +1.47267736495919066e-02 +1.40311650114854913e-04 0.000000
+8.57857857857857731e-01 +1.07102323719896475e-02 +1.35440541503439871e-04 0.000000
+8.59859859859859910e-01 +6.24765574962887760e-03 +1.30908312031940977e-04 0.000000
+8.61861861861861867e-01 +1.51339266980948794e-03 +1.26746705087776856e-04 0.000000
+8.63863863863863823e-01 -3.30180809344410298e-03 +1.22972293911283170e-04 0.000000
+8.65865865865865780e-01 -7.99795005001324721e-03 +1.19586776117230897e-04 0.000000
+8.67867867867867959e-01 -1.23737458727721239e-02 +1.16577983493015847e-04 0.000000
+8.69869869869869916e-01 -1.62351057175115776e-02 +1.13921556363194565e-04 0.000000
+8.71871871871871873e-01 -1.94038369539429323e-02 +1.11583197987985550e-04 0.000000
+8.73873873873873830e-01 -2.17261971120452091e-02 +1.09521392406997098e-04 0.000000
+8.75875875875875787e-01 -2.30809149485167175e-02 +1.07690440413199529e-04 0.000000
+8.77877877877877966e-01 -2.33862814662936236e-02 +1.06043644606257370e-04 0.000000
+8.79879879879879923e-01 -2.26059158013456329e-02 +1.04536457351700474e-04 0.000000
+8.81881881881881879e-01 -2.07528320756001916e-02 +1.03129396490597713e-04 0.000000
+8.83883883883883836e-01 -1.78914740308320219e-02 +1.01790534172918612e-04 0.000000
+8.85885885885885793e-01 -1.41374452601298328e-02 +1.00497375344621442e-04 0.000000
+8.87887887887887972e-01 -9.65474407331634588e-03 +9.92379649506491823e-05 0.000000
+8.89889889889889929e-01 -4.65041244128516773e-03 +9.80110971695591360e-05 0.000000
+8.91891891891891886e-01 +6.33374049976709319e-04 +9.68255457458044866e-05 0.000000
+8.93893893893893843e-01 +5.92961702934025059e-03 +9.56982909174342034e-05 0.000000
+8.95895895895895800e-01 +1.09589082014538430e-02 +9.46517840345051376e-05 0.000000
+8.97897897897897979e-01 +1.54435014235583812e-02 +9.37103634437441713e-05 0.000000
+8.99899899899899935e-01 +1.91224605433854555e-02 +9.28960115320620616e-05 0.000000
+9.01901901901901892e-01 +2.17671703182416021e-02 +9.22237191011143764e-05 0.000000
+9.03903903903903849e-01 +2.31963887610950326e-02 +9.16967948701996605e-05 0.000000
+9.05905905905905806e-01 +2.32899399132832086e-02 +9.13025195474204132e-05 0.000000
+9.07907907907907985e-01 +2.20001058412825357e-02 +9.10085896906887015e-05 0.000000
+9.09909909909909942e-01 +1.93597847471245754e-02 +9.07608202473375592e-05 0.000000
+9.11911911911911899e-01 +1.54865466471925117e-02 +9.04825698377353937e-05 0.000000
+9.13913913913913856e-01 +1.05818456202683708e-02 +9.00763134264459531e-05 0.000000
+9.15915915915915813e-01 +4.92484221237443620e-03 +8.94277074869886945e-05 0.000000
+9.17917917917917991e-01 -1.13944800727949769e-03 +8.84123688263960261e-05 0.000000
+9.19919919919919948e-01 -7.21763686866094822e-03 +8.69054172955574522e-05 0.000000
+9.21921921921921905e-01 -1.28906510869996604e-02 +8.47936145496608340e-05 0.000000
+9.23923923923923862e-01 -1.77407736690232687e-02 +8.19896688516452699e-05 0.000000
+9.25925925925925819e-01 -2.13817409079620213e-02 +7.84479766501311460e-05 0.000000
+9.27927927927927998e-01 -2.34901542604851188e-02 +7.41807470939770397e-05 0.000000
+9.29929929929929955e-01 -2.38360620862843042e-02 +6.92731231768939359e-05 0.000000
+9.31931931931931912e-01 -2.23102391559732993e-02 +6.38955966082987992e-05 0.000000
+9.33933933933933869e-01 -1.89454859160445577e-02 +5.83117434855839889e-05 0.000000
+9.35935935935935825e-01 -1.39292314697451736e-02 +5.28791224977953611e-05 0.000000
+9.37937937937938004e-01 -7.60490079237496897e-03 +4.80411221695509205e-05 0.000000
+9.39939939939939961e-01 -4.59940671177383464e-04 +4.43076709960577020e-05 0.000000
+9.41941941941941918e-01 +6.90087577822640075e-03 +4.22230924303490518e-05 0.000000
+9.43943943943943875e-01 +1.37972103961186421e-02 +4.23200576520343930e-05 0.000000
+9.45945945945945832e-01 +1.95289884236810041e-02 +4.50596255149871006e-05 0.000000
+9.47947947947948011e-01 +2.34436787139533087e-02 +5.07588197084518633e-05 0.000000
+9.49949949949949968e-01 +2.50105924487170617e-02 +5.95091259640856407e-05 0.000000
+9.51951951951951925e-01 +2.38958686744812909e-02 +7.10917255996035280e-05 0.000000
+9.53953953953953881e-01 +2.00300123977077416e-02 +8.48982128900943600e-05 0.000000
+9.55955955955955838e-01 +1.36583823116090408e-02 +9.98689229549376556e-05 0.000000
+9.57957957957958017e-01 +5.36419188196546326e-03 +1.14464707715922209e-04 0.000000
+9.59959959959959974e-01 -3.94625060175468612e-03 +1.26691831998815285e-04 0.000000
+9.61961961961961931e-01 -1.31047768936713438e-02 +1.34203289018364202e-04 0.000000
+9.63963963963963888e-01 -2.07944060970681743e-02 +1.34502761325927533e-04 0.000000
+9.65965965965965845e-01 -2.57139691389224323e-02 +1.25278977087028842e-04 0.000000
+9.67967967967968024e-01 -2.67860410937322269e-02 +1.04897361257516586e-04 0.000000
+9.69969969969969981e-01 -2.33893853927468198e-02 +7.30713466643995169e-05 0.000000
+9.71971971971971938e-01 -1.55844661195161938e-02 +3.17257562190698117e-05 0.000000
+9.73973973973973894e-01 -4.28682653322998153e-03 -1.39529677881111702e-05 0.000000
+9.75975975975975851e-01 +8.66976117060264118e-03 -5.43131402832019994e-05 0.000000
+9.77977977977978030e-01 +2.06471211605662730e-02 -7.39567989438971729e-05 0.000000
+9.79979979979979987e-01 +2.85592698506323961e-02 -5.05187480466240402e-05 0.000000
+9.81981981981981944e-01 +2.95189173762105961e-02 +4.62705019156350872e-05 0.000000
+9.83983983983983901e-01 +2.17727910471117725e-02 +2.54895677326449910e-04 0.000000
+9.85985985985986080e-01 +5.83005116895884967e-03 +6.21239924187777515e-04 0.000000
+9.87987987987988037e-01 -1.44765302469254120e-02 +1.19592719459038488e-03 0.000000
+9.89989989989989994e-01 -3.15237721307388141e-02 +2.02883409299792206e-03 0.000000
+9.91991991991991950e-01 -3.49654575248690702e-02 +3.15942324364043570e-03 0.000000
+9.93993993993993907e-01 -1.58903957723834435e-02 +4.60109105335027024e-03 0.000000
+9.95995995995996086e-01 +2.34745042888868660e-02 +6.31713914272918897e-03 0.000000
+9.97997997997998043e-01 +5.07821414614113009e-02 +8.18524269299897300e-03 0.000000
+1.00000000000000000e+00 -3.02223773166847565e-02 +9.94636714054558668e-03 0.000000
