# degree=5 normalize_at=1.00e+01
         x     min-max  heaviside
1.0000e+00  4.2890e+05 5.0332e+05
1.1491e+00  2.0991e+05 2.4625e+05
1.2983e+00  1.1183e+05 1.3114e+05
1.4474e+00  6.3662e+04 7.4618e+04
1.5966e+00  3.8223e+04 4.4779e+04
1.7457e+00  2.3975e+04 2.8071e+04
1.8949e+00  1.5597e+04 1.8250e+04
2.0440e+00  1.0466e+04 1.2238e+04
2.1932e+00  7.2116e+03 8.4264e+03
2.3423e+00  5.0852e+03 5.9370e+03
2.4915e+00  3.6589e+03 4.2681e+03
2.6406e+00  2.6799e+03 3.1233e+03
2.7898e+00  1.9943e+03 2.3219e+03
2.9389e+00  1.5052e+03 1.7506e+03
3.0881e+00  1.1507e+03 1.3368e+03
3.2372e+00  8.8990e+02 1.0326e+03
3.3864e+00  6.9545e+02 8.0591e+02
3.5355e+00  5.4871e+02 6.3502e+02
3.6847e+00  4.3675e+02 5.0472e+02
3.8338e+00  3.5044e+02 4.0438e+02
3.9830e+00  2.8328e+02 3.2637e+02
4.1321e+00  2.3057e+02 2.6520e+02
4.2813e+00  1.8887e+02 2.1686e+02
4.4304e+00  1.5563e+02 1.7837e+02
4.5796e+00  1.2894e+02 1.4750e+02
4.7287e+00  1.0739e+02 1.2260e+02
4.8779e+00  8.9866e+01 1.0239e+02
5.0270e+00  7.5543e+01 8.5881e+01
5.1762e+00  6.3773e+01 7.2337e+01
5.3253e+00  5.4051e+01 6.1166e+01
5.4745e+00  4.5984e+01 5.1910e+01
5.6236e+00  3.9259e+01 4.4206e+01
5.7728e+00  3.3629e+01 3.7768e+01
5.9219e+00  2.8898e+01 3.2366e+01
6.0711e+00  2.4907e+01 2.7817e+01
6.2202e+00  2.1528e+01 2.3973e+01
6.3694e+00  1.8657e+01 2.0713e+01
6.5185e+00  1.6210e+01 1.7941e+01
6.6677e+00  1.4119e+01 1.5575e+01
6.8168e+00  1.2325e+01 1.3551e+01
6.9660e+00  1.0783e+01 1.1815e+01
7.1151e+00  9.4535e+00 1.0321e+01
7.2643e+00  8.3044e+00 9.0336e+00
7.4134e+00  7.3087e+00 7.9205e+00
7.5626e+00  6.4440e+00 6.9564e+00
7.7117e+00  5.6913e+00 6.1195e+00
7.8609e+00  5.0348e+00 5.3915e+00
8.0100e+00  4.4610e+00 4.7571e+00
8.1592e+00  3.9585e+00 4.2031e+00
8.3083e+00  3.5176e+00 3.7186e+00
8.4575e+00  3.1301e+00 3.2941e+00
8.6066e+00  2.7888e+00 2.9215e+00
8.7558e+00  2.4879e+00 2.5941e+00
8.9049e+00  2.2220e+00 2.3058e+00
9.0541e+00  1.9868e+00 2.0518e+00
9.2032e+00  1.7784e+00 1.8275e+00
9.3524e+00  1.5935e+00 1.6294e+00
9.5015e+00  1.4292e+00 1.4540e+00
9.6507e+00  1.2831e+00 1.2987e+00
9.7998e+00  1.1529e+00 1.1609e+00
9.9489e+00  1.0368e+00 1.0386e+00
1.0098e+01  9.3314e-01 9.2997e-01
1.0247e+01  8.4048e-01 8.3330e-01
1.0396e+01  7.5757e-01 7.4724e-01
1.0546e+01  6.8330e-01 6.7056e-01
1.0695e+01  6.1671e-01 6.0218e-01
1.0844e+01  5.5694e-01 5.4115e-01
1.0993e+01  5.0326e-01 4.8665e-01
1.1142e+01  4.5499e-01 4.3795e-01
1.1291e+01  4.1156e-01 3.9440e-01
1.1440e+01  3.7244e-01 3.5543e-01
1.1590e+01  3.3719e-01 3.2055e-01
1.1739e+01  3.0540e-01 2.8930e-01
1.1888e+01  2.7670e-01 2.6131e-01
1.2037e+01  2.5079e-01 2.3622e-01
1.2186e+01  2.2737e-01 2.1371e-01
1.2335e+01  2.0619e-01 1.9353e-01
1.2484e+01  1.8702e-01 1.7542e-01
1.2634e+01  1.6968e-01 1.5916e-01
1.2783e+01  1.5396e-01 1.4457e-01
1.2932e+01  1.3972e-01 1.3148e-01
1.3081e+01  1.2681e-01 1.1972e-01
1.3230e+01  1.1510e-01 1.0916e-01
1.3379e+01  1.0447e-01 9.9673e-02
1.3529e+01  9.4823e-02 9.1159e-02
1.3678e+01  8.6063e-02 8.3515e-02
1.3827e+01  7.8105e-02 7.6654e-02
1.3976e+01  7.0874e-02 7.0496e-02
1.4125e+01  6.4302e-02 6.4970e-02
1.4274e+01  5.8327e-02 6.0013e-02
1.4423e+01  5.2894e-02 5.5569e-02
1.4573e+01  4.7953e-02 5.1585e-02
1.4722e+01  4.3459e-02 4.8016e-02
1.4871e+01  3.9370e-02 4.4821e-02
1.5020e+01  3.5650e-02 4.1962e-02
1.5169e+01  3.2265e-02 3.9405e-02
1.5318e+01  2.9186e-02 3.7121e-02
1.5467e+01  2.6383e-02 3.5081e-02
1.5617e+01  2.3834e-02 3.3263e-02
1.5766e+01  2.1514e-02 3.1642e-02
1.5915e+01  1.9404e-02 3.0201e-02
1.6064e+01  1.7485e-02 2.8919e-02
1.6213e+01  1.5740e-02 2.7782e-02
1.6362e+01  1.4153e-02 2.6775e-02
1.6512e+01  1.2711e-02 2.5883e-02
1.6661e+01  1.1401e-02 2.5096e-02
1.6810e+01  1.0211e-02 2.4403e-02
1.6959e+01  9.1299e-03 2.3793e-02
1.7108e+01  8.1494e-03 2.3258e-02
1.7257e+01  7.2600e-03 2.2791e-02
1.7406e+01  6.4539e-03 2.2383e-02
1.7556e+01  5.7237e-03 2.2028e-02
1.7705e+01  5.0627e-03 2.1721e-02
1.7854e+01  4.4649e-03 2.1456e-02
1.8003e+01  3.9248e-03 2.1229e-02
1.8152e+01  3.4373e-03 2.1034e-02
1.8301e+01  2.9977e-03 2.0869e-02
1.8450e+01  2.6018e-03 2.0729e-02
1.8600e+01  2.2458e-03 2.0613e-02
1.8749e+01  1.9261e-03 2.0515e-02
1.8898e+01  1.6395e-03 2.0435e-02
1.9047e+01  1.3831e-03 2.0370e-02
1.9196e+01  1.1541e-03 2.0318e-02
1.9345e+01  9.5010e-04 2.0276e-02
1.9494e+01  7.6884e-04 2.0244e-02
1.9644e+01  6.0824e-04 2.0220e-02
1.9793e+01  4.6642e-04 2.0202e-02
1.9942e+01  3.4166e-04 2.0189e-02
2.0091e+01  2.3236e-04 2.0181e-02
2.0240e+01  1.3709e-04 2.0175e-02
2.0389e+01  5.4527e-05 2.0172e-02
2.0539e+01  1.6540e-05 2.0171e-02
2.0688e+01  7.7214e-05 2.0171e-02
2.0837e+01  1.2851e-04 2.0170e-02
2.0986e+01  1.7134e-04 2.0170e-02
2.1135e+01  2.0657e-04 2.0170e-02
2.1284e+01  2.3495e-04 2.0168e-02
2.1433e+01  2.5719e-04 2.0165e-02
2.1583e+01  2.7394e-04 2.0160e-02
2.1732e+01  2.8579e-04 2.0153e-02
2.1881e+01  2.9327e-04 2.0145e-02
2.2030e+01  2.9687e-04 2.0134e-02
2.2179e+01  2.9703e-04 2.0120e-02
2.2328e+01  2.9417e-04 2.0104e-02
2.2477e+01  2.8865e-04 2.0086e-02
2.2627e+01  2.8081e-04 2.0064e-02
2.2776e+01  2.7095e-04 2.0040e-02
2.2925e+01  2.5937e-04 2.0013e-02
2.3074e+01  2.4629e-04 1.9984e-02
2.3223e+01  2.3197e-04 1.9951e-02
2.3372e+01  2.1660e-04 1.9916e-02
2.3522e+01  2.0037e-04 1.9877e-02
2.3671e+01  1.8345e-04 1.9836e-02
2.3820e+01  1.6600e-04 1.9793e-02
2.3969e+01  1.4815e-04 1.9746e-02
2.4118e+01  1.3002e-04 1.9697e-02
2.4267e+01  1.1174e-04 1.9645e-02
2.4416e+01  9.3388e-05 1.9591e-02
2.4566e+01  7.5066e-05 1.9534e-02
2.4715e+01  5.6850e-05 1.9474e-02
2.4864e+01  3.8811e-05 1.9413e-02
2.5013e+01  2.1009e-05 1.9348e-02
2.5162e+01  3.5006e-06 1.9282e-02
2.5311e+01  1.3667e-05 1.9214e-02
2.5460e+01  3.0452e-05 1.9143e-02
2.5610e+01  4.6818e-05 1.9071e-02
2.5759e+01  6.2734e-05 1.8996e-02
2.5908e+01  7.8174e-05 1.8920e-02
2.6057e+01  9.3115e-05 1.8842e-02
2.6206e+01  1.0754e-04 1.8762e-02
2.6355e+01  1.2143e-04 1.8680e-02
2.6505e+01  1.3479e-04 1.8597e-02
2.6654e+01  1.4759e-04 1.8513e-02
2.6803e+01  1.5983e-04 1.8427e-02
2.6952e+01  1.7151e-04 1.8339e-02
2.7101e+01  1.8263e-04 1.8251e-02
2.7250e+01  1.9318e-04 1.8161e-02
2.7399e+01  2.0318e-04 1.8070e-02
2.7549e+01  2.1262e-04 1.7978e-02
2.7698e+01  2.2150e-04 1.7885e-02
2.7847e+01  2.2984e-04 1.7791e-02
2.7996e+01  2.3763e-04 1.7696e-02
2.8145e+01  2.4490e-04 1.7600e-02
2.8294e+01  2.5164e-04 1.7503e-02
2.8443e+01  2.5787e-04 1.7406e-02
2.8593e+01  2.6359e-04 1.7308e-02
2.8742e+01  2.6883e-04 1.7209e-02
2.8891e+01  2.7357e-04 1.7110e-02
2.9040e+01  2.7785e-04 1.7010e-02
2.9189e+01  2.8167e-04 1.6910e-02
2.9338e+01  2.8504e-04 1.6810e-02
2.9487e+01  2.8797e-04 1.6709e-02
2.9637e+01  2.9048e-04 1.6607e-02
2.9786e+01  2.9258e-04 1.6506e-02
2.9935e+01  2.9429e-04 1.6404e-02
3.0084e+01  2.9560e-04 1.6302e-02
3.0233e+01  2.9654e-04 1.6199e-02
3.0382e+01  2.9712e-04 1.6097e-02
3.0532e+01  2.9735e-04 1.5994e-02
3.0681e+01  2.9724e-04 1.5892e-02
3.0830e+01  2.9681e-04 1.5789e-02
3.0979e+01  2.9606e-04 1.5686e-02
3.1128e+01  2.9501e-04 1.5584e-02
3.1277e+01  2.9367e-04 1.5481e-02
3.1426e+01  2.9205e-04 1.5379e-02
3.1576e+01  2.9016e-04 1.5276e-02
3.1725e+01  2.8801e-04 1.5174e-02
3.1874e+01  2.8562e-04 1.5072e-02
3.2023e+01  2.8299e-04 1.4970e-02
3.2172e+01  2.8014e-04 1.4868e-02
3.2321e+01  2.7707e-04 1.4767e-02
3.2470e+01  2.7380e-04 1.4665e-02
3.2620e+01  2.7033e-04 1.4564e-02
3.2769e+01  2.6667e-04 1.4464e-02
3.2918e+01  2.6284e-04 1.4363e-02
3.3067e+01  2.5884e-04 1.4263e-02
3.3216e+01  2.5467e-04 1.4163e-02
3.3365e+01  2.5036e-04 1.4064e-02
3.3515e+01  2.4590e-04 1.3965e-02
3.3664e+01  2.4131e-04 1.3866e-02
3.3813e+01  2.3659e-04 1.3768e-02
3.3962e+01  2.3175e-04 1.3670e-02
3.4111e+01  2.2680e-04 1.3573e-02
3.4260e+01  2.2175e-04 1.3476e-02
3.4409e+01  2.1659e-04 1.3379e-02
3.4559e+01  2.1134e-04 1.3283e-02
3.4708e+01  2.0601e-04 1.3187e-02
3.4857e+01  2.0060e-04 1.3092e-02
3.5006e+01  1.9512e-04 1.2997e-02
3.5155e+01  1.8957e-04 1.2903e-02
3.5304e+01  1.8395e-04 1.2809e-02
3.5453e+01  1.7829e-04 1.2716e-02
3.5603e+01  1.7257e-04 1.2624e-02
3.5752e+01  1.6680e-04 1.2531e-02
3.5901e+01  1.6100e-04 1.2440e-02
3.6050e+01  1.5516e-04 1.2349e-02
3.6199e+01  1.4928e-04 1.2258e-02
3.6348e+01  1.4338e-04 1.2168e-02
3.6497e+01  1.3746e-04 1.2078e-02
3.6647e+01  1.3152e-04 1.1989e-02
3.6796e+01  1.2557e-04 1.1901e-02
3.6945e+01  1.1960e-04 1.1813e-02
3.7094e+01  1.1363e-04 1.1726e-02
3.7243e+01  1.0765e-04 1.1639e-02
3.7392e+01  1.0167e-04 1.1553e-02
3.7542e+01  9.5699e-05 1.1467e-02
3.7691e+01  8.9731e-05 1.1382e-02
3.7840e+01  8.3771e-05 1.1298e-02
3.7989e+01  7.7824e-05 1.1214e-02
3.8138e+01  7.1892e-05 1.1131e-02
3.8287e+01  6.5976e-05 1.1048e-02
3.8436e+01  6.0081e-05 1.0966e-02
3.8586e+01  5.4207e-05 1.0884e-02
3.8735e+01  4.8358e-05 1.0803e-02
3.8884e+01  4.2535e-05 1.0723e-02
3.9033e+01  3.6741e-05 1.0643e-02
3.9182e+01  3.0978e-05 1.0563e-02
3.9331e+01  2.5247e-05 1.0485e-02
3.9480e+01  1.9551e-05 1.0407e-02
3.9630e+01  1.3890e-05 1.0329e-02
3.9779e+01  8.2673e-06 1.0252e-02
3.9928e+01  2.6837e-06 1.0175e-02
4.0077e+01  2.8593e-06 1.0099e-02
4.0226e+01  8.3603e-06 1.0024e-02
4.0375e+01  1.3818e-05 9.9494e-03
4.0525e+01  1.9231e-05 9.8752e-03
4.0674e+01  2.4598e-05 9.8015e-03
4.0823e+01  2.9919e-05 9.7284e-03
4.0972e+01  3.5191e-05 9.6559e-03
4.1121e+01  4.0415e-05 9.5839e-03
4.1270e+01  4.5588e-05 9.5125e-03
4.1419e+01  5.0712e-05 9.4416e-03
4.1569e+01  5.5783e-05 9.3713e-03
4.1718e+01  6.0803e-05 9.3015e-03
4.1867e+01  6.5769e-05 9.2322e-03
4.2016e+01  7.0682e-05 9.1635e-03
4.2165e+01  7.5541e-05 9.0954e-03
4.2314e+01  8.0346e-05 9.0277e-03
4.2463e+01  8.5095e-05 8.9606e-03
4.2613e+01  8.9788e-05 8.8941e-03
4.2762e+01  9.4426e-05 8.8280e-03
4.2911e+01  9.9007e-05 8.7625e-03
4.3060e+01  1.0353e-04 8.6975e-03
4.3209e+01  1.0800e-04 8.6330e-03
4.3358e+01  1.1241e-04 8.5691e-03
4.3508e+01  1.1676e-04 8.5056e-03
4.3657e+01  1.2106e-04 8.4427e-03
4.3806e+01  1.2529e-04 8.3802e-03
4.3955e+01  1.2947e-04 8.3183e-03
4.4104e+01  1.3359e-04 8.2569e-03
4.4253e+01  1.3765e-04 8.1959e-03
4.4402e+01  1.4166e-04 8.1355e-03
4.4552e+01  1.4561e-04 8.0755e-03
4.4701e+01  1.4949e-04 8.0161e-03
4.4850e+01  1.5332e-04 7.9571e-03
4.4999e+01  1.5709e-04 7.8986e-03
4.5148e+01  1.6081e-04 7.8406e-03
4.5297e+01  1.6446e-04 7.7830e-03
4.5446e+01  1.6806e-04 7.7259e-03
4.5596e+01  1.7160e-04 7.6693e-03
4.5745e+01  1.7508e-04 7.6132e-03
4.5894e+01  1.7851e-04 7.5575e-03
4.6043e+01  1.8187e-04 7.5023e-03
4.6192e+01  1.8519e-04 7.4475e-03
4.6341e+01  1.8844e-04 7.3931e-03
4.6490e+01  1.9164e-04 7.3393e-03
4.6640e+01  1.9478e-04 7.2858e-03
4.6789e+01  1.9786e-04 7.2328e-03
4.6938e+01  2.0089e-04 7.1803e-03
4.7087e+01  2.0386e-04 7.1281e-03
4.7236e+01  2.0678e-04 7.0764e-03
4.7385e+01  2.0965e-04 7.0252e-03
4.7535e+01  2.1246e-04 6.9743e-03
4.7684e+01  2.1521e-04 6.9239e-03
4.7833e+01  2.1791e-04 6.8739e-03
4.7982e+01  2.2056e-04 6.8243e-03
4.8131e+01  2.2315e-04 6.7751e-03
4.8280e+01  2.2569e-04 6.7263e-03
4.8429e+01  2.2818e-04 6.6779e-03
4.8579e+01  2.3062e-04 6.6299e-03
4.8728e+01  2.3300e-04 6.5824e-03
4.8877e+01  2.3534e-04 6.5352e-03
4.9026e+01  2.3762e-04 6.4884e-03
4.9175e+01  2.3985e-04 6.4420e-03
4.9324e+01  2.4203e-04 6.3960e-03
4.9473e+01  2.4416e-04 6.3503e-03
4.9623e+01  2.4625e-04 6.3050e-03
4.9772e+01  2.4828e-04 6.2602e-03
4.9921e+01  2.5027e-04 6.2156e-03
5.0070e+01  2.5220e-04 6.1715e-03
5.0219e+01  2.5409e-04 6.1277e-03
5.0368e+01  2.5594e-04 6.0843e-03
5.0518e+01  2.5773e-04 6.0412e-03
5.0667e+01  2.5948e-04 5.9985e-03
5.0816e+01  2.6118e-04 5.9562e-03
5.0965e+01  2.6284e-04 5.9142e-03
5.1114e+01  2.6445e-04 5.8725e-03
5.1263e+01  2.6602e-04 5.8312e-03
5.1412e+01  2.6755e-04 5.7902e-03
5.1562e+01  2.6903e-04 5.7496e-03
5.1711e+01  2.7046e-04 5.7093e-03
5.1860e+01  2.7186e-04 5.6693e-03
5.2009e+01  2.7321e-04 5.6297e-03
5.2158e+01  2.7452e-04 5.5904e-03
5.2307e+01  2.7579e-04 5.5514e-03
5.2456e+01  2.7701e-04 5.5127e-03
5.2606e+01  2.7820e-04 5.4744e-03
5.2755e+01  2.7934e-04 5.4364e-03
5.2904e+01  2.8045e-04 5.3987e-03
5.3053e+01  2.8152e-04 5.3613e-03
5.3202e+01  2.8254e-04 5.3242e-03
5.3351e+01  2.8353e-04 5.2874e-03
5.3501e+01  2.8448e-04 5.2509e-03
5.3650e+01  2.8540e-04 5.2147e-03
5.3799e+01  2.8627e-04 5.1788e-03
5.3948e+01  2.8711e-04 5.1432e-03
5.4097e+01  2.8791e-04 5.1079e-03
5.4246e+01  2.8868e-04 5.0729e-03
5.4395e+01  2.8941e-04 5.0381e-03
5.4545e+01  2.9011e-04 5.0037e-03
5.4694e+01  2.9077e-04 4.9695e-03
5.4843e+01  2.9140e-04 4.9356e-03
5.4992e+01  2.9199e-04 4.9020e-03
5.5141e+01  2.9255e-04 4.8687e-03
5.5290e+01  2.9308e-04 4.8356e-03
5.5439e+01  2.9357e-04 4.8028e-03
5.5589e+01  2.9403e-04 4.7703e-03
5.5738e+01  2.9446e-04 4.7380e-03
5.5887e+01  2.9486e-04 4.7060e-03
5.6036e+01  2.9523e-04 4.6743e-03
5.6185e+01  2.9556e-04 4.6428e-03
5.6334e+01  2.9587e-04 4.6115e-03
5.6483e+01  2.9615e-04 4.5806e-03
5.6633e+01  2.9639e-04 4.5498e-03
5.6782e+01  2.9661e-04 4.5194e-03
5.6931e+01  2.9680e-04 4.4891e-03
5.7080e+01  2.9696e-04 4.4591e-03
5.7229e+01  2.9709e-04 4.4294e-03
5.7378e+01  2.9720e-04 4.3999e-03
5.7528e+01  2.9728e-04 4.3706e-03
5.7677e+01  2.9733e-04 4.3416e-03
5.7826e+01  2.9735e-04 4.3128e-03
5.7975e+01  2.9735e-04 4.2842e-03
5.8124e+01  2.9732e-04 4.2558e-03
5.8273e+01  2.9727e-04 4.2277e-03
5.8422e+01  2.9719e-04 4.1998e-03
5.8572e+01  2.9709e-04 4.1722e-03
5.8721e+01  2.9696e-04 4.1447e-03
5.8870e+01  2.9681e-04 4.1175e-03
5.9019e+01  2.9663e-04 4.0905e-03
5.9168e+01  2.9643e-04 4.0637e-03
5.9317e+01  2.9621e-04 4.0371e-03
5.9466e+01  2.9596e-04 4.0107e-03
5.9616e+01  2.9570e-04 3.9846e-03
5.9765e+01  2.9541e-04 3.9586e-03
5.9914e+01  2.9510e-04 3.9329e-03
6.0063e+01  2.9476e-04 3.9073e-03
6.0212e+01  2.9441e-04 3.8820e-03
6.0361e+01  2.9403e-04 3.8569e-03
6.0511e+01  2.9364e-04 3.8319e-03
6.0660e+01  2.9322e-04 3.8072e-03
6.0809e+01  2.9279e-04 3.7826e-03
6.0958e+01  2.9233e-04 3.7583e-03
6.1107e+01  2.9186e-04 3.7341e-03
6.1256e+01  2.9136e-04 3.7101e-03
6.1405e+01  2.9085e-04 3.6863e-03
6.1555e+01  2.9032e-04 3.6627e-03
6.1704e+01  2.8977e-04 3.6393e-03
6.1853e+01  2.8920e-04 3.6161e-03
6.2002e+01  2.8862e-04 3.5930e-03
6.2151e+01  2.8801e-04 3.5702e-03
6.2300e+01  2.8739e-04 3.5475e-03
6.2449e+01  2.8676e-04 3.5250e-03
6.2599e+01  2.8610e-04 3.5026e-03
6.2748e+01  2.8543e-04 3.4804e-03
6.2897e+01  2.8475e-04 3.4584e-03
6.3046e+01  2.8405e-04 3.4366e-03
6.3195e+01  2.8333e-04 3.4150e-03
6.3344e+01  2.8260e-04 3.3935e-03
6.3493e+01  2.8185e-04 3.3722e-03
6.3643e+01  2.8109e-04 3.3510e-03
6.3792e+01  2.8031e-04 3.3300e-03
6.3941e+01  2.7952e-04 3.3092e-03
6.4090e+01  2.7872e-04 3.2885e-03
6.4239e+01  2.7790e-04 3.2680e-03
6.4388e+01  2.7707e-04 3.2476e-03
6.4538e+01  2.7622e-04 3.2274e-03
6.4687e+01  2.7536e-04 3.2074e-03
6.4836e+01  2.7449e-04 3.1875e-03
6.4985e+01  2.7360e-04 3.1678e-03
6.5134e+01  2.7271e-04 3.1482e-03
6.5283e+01  2.7180e-04 3.1287e-03
6.5432e+01  2.7087e-04 3.1095e-03
6.5582e+01  2.6994e-04 3.0903e-03
6.5731e+01  2.6900e-04 3.0713e-03
6.5880e+01  2.6804e-04 3.0525e-03
6.6029e+01  2.6707e-04 3.0337e-03
6.6178e+01  2.6609e-04 3.0152e-03
6.6327e+01  2.6510e-04 2.9968e-03
6.6476e+01  2.6410e-04 2.9785e-03
6.6626e+01  2.6309e-04 2.9603e-03
6.6775e+01  2.6207e-04 2.9423e-03
6.6924e+01  2.6104e-04 2.9244e-03
6.7073e+01  2.6000e-04 2.9067e-03
6.7222e+01  2.5895e-04 2.8891e-03
6.7371e+01  2.5789e-04 2.8716e-03
6.7521e+01  2.5682e-04 2.8542e-03
6.7670e+01  2.5574e-04 2.8370e-03
6.7819e+01  2.5465e-04 2.8199e-03
6.7968e+01  2.5356e-04 2.8030e-03
6.8117e+01  2.5245e-04 2.7862e-03
6.8266e+01  2.5134e-04 2.7694e-03
6.8415e+01  2.5022e-04 2.7529e-03
6.8565e+01  2.4909e-04 2.7364e-03
6.8714e+01  2.4795e-04 2.7201e-03
6.8863e+01  2.4681e-04 2.7039e-03
6.9012e+01  2.4565e-04 2.6878e-03
6.9161e+01  2.4449e-04 2.6718e-03
6.9310e+01  2.4333e-04 2.6559e-03
6.9459e+01  2.4215e-04 2.6402e-03
6.9609e+01  2.4097e-04 2.6246e-03
6.9758e+01  2.3978e-04 2.6090e-03
6.9907e+01  2.3859e-04 2.5937e-03
7.0056e+01  2.3738e-04 2.5784e-03
7.0205e+01  2.3618e-04 2.5632e-03
7.0354e+01  2.3496e-04 2.5481e-03
7.0504e+01  2.3374e-04 2.5332e-03
7.0653e+01  2.3252e-04 2.5184e-03
7.0802e+01  2.3128e-04 2.5036e-03
7.0951e+01  2.3004e-04 2.4890e-03
7.1100e+01  2.2880e-04 2.4745e-03
7.1249e+01  2.2755e-04 2.4601e-03
7.1398e+01  2.2630e-04 2.4458e-03
7.1548e+01  2.2504e-04 2.4316e-03
7.1697e+01  2.2377e-04 2.4175e-03
7.1846e+01  2.2251e-04 2.4035e-03
7.1995e+01  2.2123e-04 2.3896e-03
7.2144e+01  2.1995e-04 2.3758e-03
7.2293e+01  2.1867e-04 2.3621e-03
7.2442e+01  2.1738e-04 2.3485e-03
7.2592e+01  2.1609e-04 2.3350e-03
7.2741e+01  2.1479e-04 2.3216e-03
7.2890e+01  2.1349e-04 2.3083e-03
7.3039e+01  2.1219e-04 2.2951e-03
7.3188e+01  2.1088e-04 2.2820e-03
7.3337e+01  2.0957e-04 2.2690e-03
7.3486e+01  2.0825e-04 2.2560e-03
7.3636e+01  2.0694e-04 2.2432e-03
7.3785e+01  2.0561e-04 2.2305e-03
7.3934e+01  2.0429e-04 2.2178e-03
7.4083e+01  2.0296e-04 2.2052e-03
7.4232e+01  2.0163e-04 2.1928e-03
7.4381e+01  2.0029e-04 2.1804e-03
7.4531e+01  1.9895e-04 2.1681e-03
7.4680e+01  1.9761e-04 2.1559e-03
7.4829e+01  1.9627e-04 2.1438e-03
7.4978e+01  1.9492e-04 2.1317e-03
7.5127e+01  1.9358e-04 2.1198e-03
7.5276e+01  1.9223e-04 2.1079e-03
7.5425e+01  1.9087e-04 2.0961e-03
7.5575e+01  1.8952e-04 2.0844e-03
7.5724e+01  1.8816e-04 2.0728e-03
7.5873e+01  1.8680e-04 2.0613e-03
7.6022e+01  1.8544e-04 2.0498e-03
7.6171e+01  1.8408e-04 2.0384e-03
7.6320e+01  1.8271e-04 2.0272e-03
7.6469e+01  1.8134e-04 2.0159e-03
7.6619e+01  1.7998e-04 2.0048e-03
7.6768e+01  1.7861e-04 1.9937e-03
7.6917e+01  1.7723e-04 1.9828e-03
7.7066e+01  1.7586e-04 1.9718e-03
7.7215e+01  1.7449e-04 1.9610e-03
7.7364e+01  1.7311e-04 1.9503e-03
7.7514e+01  1.7173e-04 1.9396e-03
7.7663e+01  1.7036e-04 1.9290e-03
7.7812e+01  1.6898e-04 1.9184e-03
7.7961e+01  1.6760e-04 1.9080e-03
7.8110e+01  1.6622e-04 1.8976e-03
7.8259e+01  1.6484e-04 1.8873e-03
7.8408e+01  1.6345e-04 1.8770e-03
7.8558e+01  1.6207e-04 1.8669e-03
7.8707e+01  1.6069e-04 1.8568e-03
7.8856e+01  1.5930e-04 1.8467e-03
7.9005e+01  1.5792e-04 1.8367e-03
7.9154e+01  1.5653e-04 1.8269e-03
7.9303e+01  1.5515e-04 1.8170e-03
7.9452e+01  1.5376e-04 1.8073e-03
7.9602e+01  1.5238e-04 1.7976e-03
7.9751e+01  1.5099e-04 1.7879e-03
7.9900e+01  1.4961e-04 1.7784e-03
8.0049e+01  1.4822e-04 1.7689e-03
8.0198e+01  1.4684e-04 1.7594e-03
8.0347e+01  1.4545e-04 1.7501e-03
8.0496e+01  1.4406e-04 1.7407e-03
8.0646e+01  1.4268e-04 1.7315e-03
8.0795e+01  1.4129e-04 1.7223e-03
8.0944e+01  1.3991e-04 1.7132e-03
8.1093e+01  1.3852e-04 1.7041e-03
8.1242e+01  1.3714e-04 1.6951e-03
8.1391e+01  1.3576e-04 1.6862e-03
8.1541e+01  1.3437e-04 1.6773e-03
8.1690e+01  1.3299e-04 1.6685e-03
8.1839e+01  1.3161e-04 1.6597e-03
8.1988e+01  1.3023e-04 1.6510e-03
8.2137e+01  1.2884e-04 1.6424e-03
8.2286e+01  1.2746e-04 1.6338e-03
8.2435e+01  1.2609e-04 1.6253e-03
8.2585e+01  1.2471e-04 1.6168e-03
8.2734e+01  1.2333e-04 1.6084e-03
8.2883e+01  1.2195e-04 1.6001e-03
8.3032e+01  1.2058e-04 1.5917e-03
8.3181e+01  1.1920e-04 1.5835e-03
8.3330e+01  1.1783e-04 1.5753e-03
8.3479e+01  1.1646e-04 1.5672e-03
8.3629e+01  1.1509e-04 1.5591e-03
8.3778e+01  1.1372e-04 1.5511e-03
8.3927e+01  1.1235e-04 1.5431e-03
8.4076e+01  1.1098e-04 1.5352e-03
8.4225e+01  1.0961e-04 1.5273e-03
8.4374e+01  1.0825e-04 1.5195e-03
8.4524e+01  1.0688e-04 1.5117e-03
8.4673e+01  1.0552e-04 1.5040e-03
8.4822e+01  1.0416e-04 1.4963e-03
8.4971e+01  1.0280e-04 1.4887e-03
8.5120e+01  1.0144e-04 1.4811e-03
8.5269e+01  1.0009e-04 1.4736e-03
8.5418e+01  9.8732e-05 1.4661e-03
8.5568e+01  9.7379e-05 1.4587e-03
8.5717e+01  9.6027e-05 1.4513e-03
8.5866e+01  9.4677e-05 1.4440e-03
8.6015e+01  9.3329e-05 1.4367e-03
8.6164e+01  9.1983e-05 1.4295e-03
8.6313e+01  9.0638e-05 1.4223e-03
8.6462e+01  8.9295e-05 1.4152e-03
8.6612e+01  8.7954e-05 1.4081e-03
8.6761e+01  8.6615e-05 1.4010e-03
8.6910e+01  8.5278e-05 1.3940e-03
8.7059e+01  8.3942e-05 1.3871e-03
8.7208e+01  8.2609e-05 1.3802e-03
8.7357e+01  8.1277e-05 1.3733e-03
8.7507e+01  7.9948e-05 1.3665e-03
8.7656e+01  7.8620e-05 1.3597e-03
8.7805e+01  7.7295e-05 1.3530e-03
8.7954e+01  7.5971e-05 1.3463e-03
8.8103e+01  7.4650e-05 1.3396e-03
8.8252e+01  7.3331e-05 1.3330e-03
8.8401e+01  7.2013e-05 1.3265e-03
8.8551e+01  7.0699e-05 1.3200e-03
8.8700e+01  6.9386e-05 1.3135e-03
8.8849e+01  6.8075e-05 1.3070e-03
8.8998e+01  6.6767e-05 1.3006e-03
8.9147e+01  6.5461e-05 1.2943e-03
8.9296e+01  6.4157e-05 1.2880e-03
8.9445e+01  6.2855e-05 1.2817e-03
8.9595e+01  6.1556e-05 1.2754e-03
8.9744e+01  6.0259e-05 1.2692e-03
8.9893e+01  5.8965e-05 1.2631e-03
9.0042e+01  5.7673e-05 1.2570e-03
9.0191e+01  5.6383e-05 1.2509e-03
9.0340e+01  5.5095e-05 1.2448e-03
9.0489e+01  5.3810e-05 1.2388e-03
9.0639e+01  5.2528e-05 1.2329e-03
9.0788e+01  5.1248e-05 1.2269e-03
9.0937e+01  4.9970e-05 1.2210e-03
9.1086e+01  4.8695e-05 1.2152e-03
9.1235e+01  4.7422e-05 1.2094e-03
9.1384e+01  4.6152e-05 1.2036e-03
9.1534e+01  4.4885e-05 1.1978e-03
9.1683e+01  4.3620e-05 1.1921e-03
9.1832e+01  4.2357e-05 1.1865e-03
9.1981e+01  4.1097e-05 1.1808e-03
9.2130e+01  3.9840e-05 1.1752e-03
9.2279e+01  3.8585e-05 1.1696e-03
9.2428e+01  3.7333e-05 1.1641e-03
9.2578e+01  3.6084e-05 1.1586e-03
9.2727e+01  3.4837e-05 1.1531e-03
9.2876e+01  3.3593e-05 1.1477e-03
9.3025e+01  3.2351e-05 1.1423e-03
9.3174e+01  3.1113e-05 1.1369e-03
9.3323e+01  2.9877e-05 1.1316e-03
9.3472e+01  2.8643e-05 1.1263e-03
9.3622e+01  2.7413e-05 1.1210e-03
9.3771e+01  2.6185e-05 1.1158e-03
9.3920e+01  2.4960e-05 1.1106e-03
9.4069e+01  2.3737e-05 1.1054e-03
9.4218e+01  2.2518e-05 1.1003e-03
9.4367e+01  2.1301e-05 1.0952e-03
9.4517e+01  2.0087e-05 1.0901e-03
9.4666e+01  1.8875e-05 1.0850e-03
9.4815e+01  1.7667e-05 1.0800e-03
9.4964e+01  1.6461e-05 1.0750e-03
9.5113e+01  1.5258e-05 1.0701e-03
9.5262e+01  1.4058e-05 1.0651e-03
9.5411e+01  1.2861e-05 1.0602e-03
9.5561e+01  1.1667e-05 1.0554e-03
9.5710e+01  1.0475e-05 1.0505e-03
9.5859e+01  9.2864e-06 1.0457e-03
9.6008e+01  8.1006e-06 1.0410e-03
9.6157e+01  6.9177e-06 1.0362e-03
9.6306e+01  5.7377e-06 1.0315e-03
9.6455e+01  4.5605e-06 1.0268e-03
9.6605e+01  3.3863e-06 1.0221e-03
9.6754e+01  2.2149e-06 1.0175e-03
9.6903e+01  1.0465e-06 1.0129e-03
9.7052e+01  1.1905e-07 1.0083e-03
9.7201e+01  1.2817e-06 1.0038e-03
9.7350e+01  2.4414e-06 9.9922e-04
9.7499e+01  3.5981e-06 9.9472e-04
9.7649e+01  4.7520e-06 9.9025e-04
9.7798e+01  5.9029e-06 9.8581e-04
9.7947e+01  7.0508e-06 9.8139e-04
9.8096e+01  8.1958e-06 9.7699e-04
9.8245e+01  9.3379e-06 9.7263e-04
9.8394e+01  1.0477e-05 9.6828e-04
9.8544e+01  1.1613e-05 9.6397e-04
9.8693e+01  1.2746e-05 9.5968e-04
9.8842e+01  1.3876e-05 9.5541e-04
9.8991e+01  1.5004e-05 9.5118e-04
9.9140e+01  1.6128e-05 9.4696e-04
9.9289e+01  1.7249e-05 9.4277e-04
9.9438e+01  1.8368e-05 9.3861e-04
9.9588e+01  1.9483e-05 9.3447e-04
9.9737e+01  2.0595e-05 9.3035e-04
9.9886e+01  2.1705e-05 9.2626e-04
1.0004e+02  2.2811e-05 9.2219e-04
1.0018e+02  2.3914e-05 9.1815e-04
1.0033e+02  2.5015e-05 9.1413e-04
1.0048e+02  2.6112e-05 9.1013e-04
1.0063e+02  2.7206e-05 9.0616e-04
1.0078e+02  2.8298e-05 9.0221e-04
1.0093e+02  2.9386e-05 8.9828e-04
1.0108e+02  3.0471e-05 8.9438e-04
1.0123e+02  3.1554e-05 8.9050e-04
1.0138e+02  3.2633e-05 8.8664e-04
1.0153e+02  3.3709e-05 8.8280e-04
1.0168e+02  3.4783e-05 8.7899e-04
1.0182e+02  3.5853e-05 8.7520e-04
1.0197e+02  3.6920e-05 8.7143e-04
1.0212e+02  3.7985e-05 8.6768e-04
1.0227e+02  3.9046e-05 8.6395e-04
1.0242e+02  4.0104e-05 8.6025e-04
1.0257e+02  4.1160e-05 8.5656e-04
1.0272e+02  4.2212e-05 8.5290e-04
1.0287e+02  4.3261e-05 8.4926e-04
1.0302e+02  4.4307e-05 8.4564e-04
1.0317e+02  4.5351e-05 8.4204e-04
1.0332e+02  4.6391e-05 8.3846e-04
1.0347e+02  4.7428e-05 8.3490e-04
1.0361e+02  4.8462e-05 8.3137e-04
1.0376e+02  4.9493e-05 8.2785e-04
1.0391e+02  5.0522e-05 8.2435e-04
1.0406e+02  5.1547e-05 8.2087e-04
1.0421e+02  5.2569e-05 8.1742e-04
1.0436e+02  5.3588e-05 8.1398e-04
1.0451e+02  5.4604e-05 8.1056e-04
1.0466e+02  5.5617e-05 8.0716e-04
1.0481e+02  5.6628e-05 8.0378e-04
1.0496e+02  5.7635e-05 8.0042e-04
1.0511e+02  5.8639e-05 7.9708e-04
1.0526e+02  5.9640e-05 7.9376e-04
1.0540e+02  6.0638e-05 7.9046e-04
1.0555e+02  6.1633e-05 7.8717e-04
1.0570e+02  6.2626e-05 7.8390e-04
1.0585e+02  6.3615e-05 7.8066e-04
1.0600e+02  6.4601e-05 7.7743e-04
1.0615e+02  6.5584e-05 7.7422e-04
1.0630e+02  6.6565e-05 7.7102e-04
1.0645e+02  6.7542e-05 7.6785e-04
1.0660e+02  6.8516e-05 7.6469e-04
1.0675e+02  6.9487e-05 7.6155e-04
1.0690e+02  7.0456e-05 7.5843e-04
1.0705e+02  7.1421e-05 7.5533e-04
1.0719e+02  7.2384e-05 7.5224e-04
1.0734e+02  7.3343e-05 7.4917e-04
1.0749e+02  7.4300e-05 7.4612e-04
1.0764e+02  7.5253e-05 7.4308e-04
1.0779e+02  7.6204e-05 7.4006e-04
1.0794e+02  7.7151e-05 7.3706e-04
1.0809e+02  7.8096e-05 7.3407e-04
1.0824e+02  7.9038e-05 7.3111e-04
1.0839e+02  7.9977e-05 7.2815e-04
1.0854e+02  8.0913e-05 7.2522e-04
1.0869e+02  8.1845e-05 7.2230e-04
1.0883e+02  8.2775e-05 7.1940e-04
1.0898e+02  8.3703e-05 7.1651e-04
1.0913e+02  8.4627e-05 7.1364e-04
1.0928e+02  8.5548e-05 7.1078e-04
1.0943e+02  8.6466e-05 7.0794e-04
1.0958e+02  8.7382e-05 7.0512e-04
1.0973e+02  8.8294e-05 7.0231e-04
1.0988e+02  8.9204e-05 6.9952e-04
1.1003e+02  9.0111e-05 6.9674e-04
1.1018e+02  9.1014e-05 6.9398e-04
1.1033e+02  9.1915e-05 6.9123e-04
1.1048e+02  9.2813e-05 6.8850e-04
1.1062e+02  9.3708e-05 6.8578e-04
1.1077e+02  9.4601e-05 6.8308e-04
1.1092e+02  9.5490e-05 6.8039e-04
1.1107e+02  9.6377e-05 6.7772e-04
1.1122e+02  9.7260e-05 6.7506e-04
1.1137e+02  9.8141e-05 6.7242e-04
1.1152e+02  9.9019e-05 6.6979e-04
1.1167e+02  9.9894e-05 6.6717e-04
1.1182e+02  1.0077e-04 6.6457e-04
1.1197e+02  1.0164e-04 6.6199e-04
1.1212e+02  1.0250e-04 6.5941e-04
1.1227e+02  1.0337e-04 6.5685e-04
1.1241e+02  1.0423e-04 6.5431e-04
1.1256e+02  1.0508e-04 6.5178e-04
1.1271e+02  1.0594e-04 6.4926e-04
1.1286e+02  1.0679e-04 6.4676e-04
1.1301e+02  1.0764e-04 6.4427e-04
1.1316e+02  1.0849e-04 6.4179e-04
1.1331e+02  1.0933e-04 6.3933e-04
1.1346e+02  1.1017e-04 6.3688e-04
1.1361e+02  1.1101e-04 6.3444e-04
1.1376e+02  1.1185e-04 6.3202e-04
1.1391e+02  1.1268e-04 6.2961e-04
1.1406e+02  1.1351e-04 6.2721e-04
1.1420e+02  1.1434e-04 6.2482e-04
1.1435e+02  1.1516e-04 6.2245e-04
1.1450e+02  1.1598e-04 6.2009e-04
1.1465e+02  1.1680e-04 6.1774e-04
1.1480e+02  1.1762e-04 6.1541e-04
1.1495e+02  1.1843e-04 6.1309e-04
1.1510e+02  1.1924e-04 6.1078e-04
1.1525e+02  1.2005e-04 6.0848e-04
1.1540e+02  1.2086e-04 6.0620e-04
1.1555e+02  1.2166e-04 6.0392e-04
1.1570e+02  1.2246e-04 6.0166e-04
1.1584e+02  1.2326e-04 5.9941e-04
1.1599e+02  1.2405e-04 5.9718e-04
1.1614e+02  1.2484e-04 5.9495e-04
1.1629e+02  1.2563e-04 5.9274e-04
1.1644e+02  1.2642e-04 5.9054e-04
1.1659e+02  1.2720e-04 5.8835e-04
1.1674e+02  1.2798e-04 5.8617e-04
1.1689e+02  1.2876e-04 5.8400e-04
1.1704e+02  1.2954e-04 5.8184e-04
1.1719e+02  1.3031e-04 5.7970e-04
1.1734e+02  1.3108e-04 5.7757e-04
1.1749e+02  1.3185e-04 5.7544e-04
1.1763e+02  1.3261e-04 5.7333e-04
1.1778e+02  1.3337e-04 5.7123e-04
1.1793e+02  1.3413e-04 5.6915e-04
1.1808e+02  1.3489e-04 5.6707e-04
1.1823e+02  1.3565e-04 5.6500e-04
1.1838e+02  1.3640e-04 5.6295e-04
1.1853e+02  1.3715e-04 5.6090e-04
1.1868e+02  1.3789e-04 5.5887e-04
1.1883e+02  1.3864e-04 5.5684e-04
1.1898e+02  1.3938e-04 5.5483e-04
1.1913e+02  1.4012e-04 5.5283e-04
1.1928e+02  1.4085e-04 5.5083e-04
1.1942e+02  1.4159e-04 5.4885e-04
1.1957e+02  1.4232e-04 5.4688e-04
1.1972e+02  1.4305e-04 5.4492e-04
1.1987e+02  1.4377e-04 5.4297e-04
1.2002e+02  1.4450e-04 5.4102e-04
1.2017e+02  1.4522e-04 5.3909e-04
1.2032e+02  1.4593e-04 5.3717e-04
1.2047e+02  1.4665e-04 5.3526e-04
1.2062e+02  1.4736e-04 5.3336e-04
1.2077e+02  1.4807e-04 5.3147e-04
1.2092e+02  1.4878e-04 5.2959e-04
1.2107e+02  1.4949e-04 5.2771e-04
1.2121e+02  1.5019e-04 5.2585e-04
1.2136e+02  1.5089e-04 5.2400e-04
1.2151e+02  1.5159e-04 5.2215e-04
1.2166e+02  1.5229e-04 5.2032e-04
1.2181e+02  1.5298e-04 5.1849e-04
1.2196e+02  1.5367e-04 5.1668e-04
1.2211e+02  1.5436e-04 5.1487e-04
1.2226e+02  1.5504e-04 5.1308e-04
1.2241e+02  1.5573e-04 5.1129e-04
1.2256e+02  1.5641e-04 5.0951e-04
1.2271e+02  1.5709e-04 5.0774e-04
1.2285e+02  1.5776e-04 5.0598e-04
1.2300e+02  1.5843e-04 5.0423e-04
1.2315e+02  1.5911e-04 5.0249e-04
1.2330e+02  1.5977e-04 5.0075e-04
1.2345e+02  1.6044e-04 4.9903e-04
1.2360e+02  1.6110e-04 4.9731e-04
1.2375e+02  1.6177e-04 4.9560e-04
1.2390e+02  1.6242e-04 4.9390e-04
1.2405e+02  1.6308e-04 4.9221e-04
1.2420e+02  1.6374e-04 4.9053e-04
1.2435e+02  1.6439e-04 4.8886e-04
1.2450e+02  1.6504e-04 4.8719e-04
1.2464e+02  1.6568e-04 4.8554e-04
1.2479e+02  1.6633e-04 4.8389e-04
1.2494e+02  1.6697e-04 4.8225e-04
1.2509e+02  1.6761e-04 4.8062e-04
1.2524e+02  1.6825e-04 4.7899e-04
1.2539e+02  1.6888e-04 4.7738e-04
1.2554e+02  1.6952e-04 4.7577e-04
1.2569e+02  1.7015e-04 4.7417e-04
1.2584e+02  1.7078e-04 4.7258e-04
1.2599e+02  1.7140e-04 4.7100e-04
1.2614e+02  1.7202e-04 4.6942e-04
1.2629e+02  1.7265e-04 4.6786e-04
1.2643e+02  1.7327e-04 4.6630e-04
1.2658e+02  1.7388e-04 4.6474e-04
1.2673e+02  1.7450e-04 4.6320e-04
1.2688e+02  1.7511e-04 4.6166e-04
1.2703e+02  1.7572e-04 4.6014e-04
1.2718e+02  1.7633e-04 4.5862e-04
1.2733e+02  1.7693e-04 4.5710e-04
1.2748e+02  1.7753e-04 4.5560e-04
1.2763e+02  1.7814e-04 4.5410e-04
1.2778e+02  1.7873e-04 4.5261e-04
1.2793e+02  1.7933e-04 4.5112e-04
1.2808e+02  1.7992e-04 4.4965e-04
1.2822e+02  1.8052e-04 4.4818e-04
1.2837e+02  1.8111e-04 4.4672e-04
1.2852e+02  1.8169e-04 4.4526e-04
1.2867e+02  1.8228e-04 4.4381e-04
1.2882e+02  1.8286e-04 4.4237e-04
1.2897e+02  1.8344e-04 4.4094e-04
1.2912e+02  1.8402e-04 4.3951e-04
1.2927e+02  1.8460e-04 4.3810e-04
1.2942e+02  1.8517e-04 4.3668e-04
1.2957e+02  1.8574e-04 4.3528e-04
1.2972e+02  1.8631e-04 4.3388e-04
1.2986e+02  1.8688e-04 4.3249e-04
1.3001e+02  1.8745e-04 4.3110e-04
1.3016e+02  1.8801e-04 4.2973e-04
1.3031e+02  1.8857e-04 4.2835e-04
1.3046e+02  1.8913e-04 4.2699e-04
1.3061e+02  1.8969e-04 4.2563e-04
1.3076e+02  1.9024e-04 4.2428e-04
1.3091e+02  1.9080e-04 4.2294e-04
1.3106e+02  1.9135e-04 4.2160e-04
1.3121e+02  1.9189e-04 4.2027e-04
1.3136e+02  1.9244e-04 4.1894e-04
1.3151e+02  1.9299e-04 4.1762e-04
1.3165e+02  1.9353e-04 4.1631e-04
1.3180e+02  1.9407e-04 4.1501e-04
1.3195e+02  1.9461e-04 4.1371e-04
1.3210e+02  1.9514e-04 4.1241e-04
1.3225e+02  1.9568e-04 4.1113e-04
1.3240e+02  1.9621e-04 4.0985e-04
1.3255e+02  1.9674e-04 4.0857e-04
1.3270e+02  1.9727e-04 4.0730e-04
1.3285e+02  1.9779e-04 4.0604e-04
1.3300e+02  1.9832e-04 4.0479e-04
1.3315e+02  1.9884e-04 4.0354e-04
1.3330e+02  1.9936e-04 4.0229e-04
1.3344e+02  1.9987e-04 4.0105e-04
1.3359e+02  2.0039e-04 3.9982e-04
1.3374e+02  2.0090e-04 3.9860e-04
1.3389e+02  2.0141e-04 3.9737e-04
1.3404e+02  2.0192e-04 3.9616e-04
1.3419e+02  2.0243e-04 3.9495e-04
1.3434e+02  2.0294e-04 3.9375e-04
1.3449e+02  2.0344e-04 3.9255e-04
1.3464e+02  2.0394e-04 3.9136e-04
1.3479e+02  2.0444e-04 3.9017e-04
1.3494e+02  2.0494e-04 3.8899e-04
1.3509e+02  2.0544e-04 3.8782e-04
1.3523e+02  2.0593e-04 3.8665e-04
1.3538e+02  2.0642e-04 3.8549e-04
1.3553e+02  2.0691e-04 3.8433e-04
1.3568e+02  2.0740e-04 3.8318e-04
1.3583e+02  2.0789e-04 3.8203e-04
1.3598e+02  2.0837e-04 3.8089e-04
1.3613e+02  2.0885e-04 3.7976e-04
1.3628e+02  2.0933e-04 3.7862e-04
1.3643e+02  2.0981e-04 3.7750e-04
1.3658e+02  2.1029e-04 3.7638e-04
1.3673e+02  2.1076e-04 3.7527e-04
1.3687e+02  2.1123e-04 3.7416e-04
1.3702e+02  2.1170e-04 3.7305e-04
1.3717e+02  2.1217e-04 3.7195e-04
1.3732e+02  2.1264e-04 3.7086e-04
1.3747e+02  2.1311e-04 3.6977e-04
1.3762e+02  2.1357e-04 3.6869e-04
1.3777e+02  2.1403e-04 3.6761e-04
1.3792e+02  2.1449e-04 3.6654e-04
1.3807e+02  2.1495e-04 3.6547e-04
1.3822e+02  2.1540e-04 3.6441e-04
1.3837e+02  2.1586e-04 3.6335e-04
1.3852e+02  2.1631e-04 3.6230e-04
1.3866e+02  2.1676e-04 3.6125e-04
1.3881e+02  2.1721e-04 3.6020e-04
1.3896e+02  2.1765e-04 3.5917e-04
1.3911e+02  2.1810e-04 3.5813e-04
1.3926e+02  2.1854e-04 3.5710e-04
1.3941e+02  2.1898e-04 3.5608e-04
1.3956e+02  2.1942e-04 3.5506e-04
1.3971e+02  2.1986e-04 3.5405e-04
1.3986e+02  2.2030e-04 3.5304e-04
1.4001e+02  2.2073e-04 3.5203e-04
1.4016e+02  2.2116e-04 3.5103e-04
1.4031e+02  2.2159e-04 3.5004e-04
1.4045e+02  2.2202e-04 3.4904e-04
1.4060e+02  2.2245e-04 3.4806e-04
1.4075e+02  2.2288e-04 3.4708e-04
1.4090e+02  2.2330e-04 3.4610e-04
1.4105e+02  2.2372e-04 3.4513e-04
1.4120e+02  2.2414e-04 3.4416e-04
1.4135e+02  2.2456e-04 3.4320e-04
1.4150e+02  2.2498e-04 3.4224e-04
1.4165e+02  2.2539e-04 3.4128e-04
1.4180e+02  2.2580e-04 3.4033e-04
1.4195e+02  2.2622e-04 3.3938e-04
1.4210e+02  2.2663e-04 3.3844e-04
1.4224e+02  2.2703e-04 3.3751e-04
1.4239e+02  2.2744e-04 3.3657e-04
1.4254e+02  2.2784e-04 3.3564e-04
1.4269e+02  2.2825e-04 3.3472e-04
1.4284e+02  2.2865e-04 3.3380e-04
1.4299e+02  2.2905e-04 3.3288e-04
1.4314e+02  2.2945e-04 3.3197e-04
1.4329e+02  2.2984e-04 3.3106e-04
1.4344e+02  2.3024e-04 3.3016e-04
1.4359e+02  2.3063e-04 3.2926e-04
1.4374e+02  2.3102e-04 3.2837e-04
1.4388e+02  2.3141e-04 3.2747e-04
1.4403e+02  2.3180e-04 3.2659e-04
1.4418e+02  2.3219e-04 3.2570e-04
1.4433e+02  2.3257e-04 3.2483e-04
1.4448e+02  2.3295e-04 3.2395e-04
1.4463e+02  2.3333e-04 3.2308e-04
1.4478e+02  2.3371e-04 3.2221e-04
1.4493e+02  2.3409e-04 3.2135e-04
1.4508e+02  2.3447e-04 3.2049e-04
1.4523e+02  2.3484e-04 3.1964e-04
1.4538e+02  2.3522e-04 3.1878e-04
1.4553e+02  2.3559e-04 3.1794e-04
1.4567e+02  2.3596e-04 3.1709e-04
1.4582e+02  2.3633e-04 3.1625e-04
1.4597e+02  2.3670e-04 3.1542e-04
1.4612e+02  2.3706e-04 3.1458e-04
1.4627e+02  2.3743e-04 3.1376e-04
1.4642e+02  2.3779e-04 3.1293e-04
1.4657e+02  2.3815e-04 3.1211e-04
1.4672e+02  2.3851e-04 3.1129e-04
1.4687e+02  2.3887e-04 3.1048e-04
1.4702e+02  2.3922e-04 3.0967e-04
1.4717e+02  2.3958e-04 3.0886e-04
1.4732e+02  2.3993e-04 3.0806e-04
1.4746e+02  2.4028e-04 3.0726e-04
1.4761e+02  2.4063e-04 3.0647e-04
1.4776e+02  2.4098e-04 3.0567e-04
1.4791e+02  2.4133e-04 3.0489e-04
1.4806e+02  2.4167e-04 3.0410e-04
1.4821e+02  2.4202e-04 3.0332e-04
1.4836e+02  2.4236e-04 3.0254e-04
1.4851e+02  2.4270e-04 3.0177e-04
1.4866e+02  2.4304e-04 3.0100e-04
1.4881e+02  2.4338e-04 3.0023e-04
1.4896e+02  2.4372e-04 2.9947e-04
1.4911e+02  2.4405e-04 2.9870e-04
1.4925e+02  2.4438e-04 2.9795e-04
1.4940e+02  2.4472e-04 2.9719e-04
1.4955e+02  2.4505e-04 2.9644e-04
1.4970e+02  2.4538e-04 2.9570e-04
1.4985e+02  2.4570e-04 2.9495e-04
1.5000e+02  2.4603e-04 2.9421e-04
